2
1000
-43.7931034483
-3.10344827586
-43.7931034483
-3.10278499297
-43.7931034483
-3.10121037087
-43.7931034483
-3.09873819659
-43.7931034483
-3.09538225711
-43.7931034483
-3.09115633947
-43.7931034483
-3.08607423065
-43.7931034483
-3.08014971768
-43.7931034483
-3.07339658756
-43.7931034483
-3.06582862729
-43.7931034483
-3.05745962389
-43.7931034483
-3.04830336437
-43.7931034483
-3.03837363572
-43.7931034483
-3.03045547535
-43.7931034483
-3.02208029326
-43.7931034483
-3.01325831955
-43.7931034483
-3.00399964645
-43.7931034483
-2.99431422831
-43.7931034483
-2.98421188161
-43.793103285
-2.9737021378
-43.793098207
-2.96279022246
-43.7930774999
-2.95147569965
-43.7930253103
-2.9397530852
-43.7929214704
-2.92761246008
-43.7927423218
-2.91504008365
-43.7924615397
-2.90201900705
-43.7920509572
-2.88852968648
-43.7914813895
-2.87455059654
-43.7907234578
-2.86005884353
-43.7897484138
-2.8450307788
-43.7885289637
-2.82944261203
-43.7870400921
-2.81327102459
-43.7852591392
-2.79649343702
-43.7831615117
-2.77908603367
-43.7807204838
-2.76102331094
-43.7779079515
-2.74227803753
-43.7746951874
-2.72282121466
-43.7710535951
-2.70262203635
-43.7669554635
-2.68150239336
-43.7623747214
-2.65942427158
-43.7572876923
-2.63634786831
-43.7516738485
-2.61223155251
-43.7455165657
-2.58703182506
-43.7388038777
-2.56070327902
-43.7315293939
-2.53319870699
-43.723696841
-2.50447205623
-43.7153169335
-2.47447319266
-43.7064055246
-2.44314963599
-43.6969827822
-2.41045023672
-43.6870723647
-2.37632885302
-43.6767005969
-2.34074802767
-43.6658942034
-2.30368198223
-43.6546669589
-2.26511217902
-43.6430189787
-2.22502471752
-43.6309396587
-2.18340904533
-43.6184106155
-2.14025666909
-43.6054086267
-2.09555986543
-43.5919093189
-2.04931073783
-43.5778952202
-2.00150251613
-43.5633581278
-1.95213155468
-43.5482943222
-1.90120321553
-43.5327023009
-1.84872918133
-43.51658089
-1.79472403971
-43.4999273568
-1.73920186772
-43.4827355217
-1.68217281624
-43.4649938702
-1.62363969438
-43.4466836653
-1.56359455391
-43.4277754123
-1.50201132011
-43.4082083222
-1.43879446265
-43.3879081432
-1.3738067848
-43.3668138909
-1.30692186816
-43.3449070002
-1.2380800743
-43.322207284
-1.16729370145
-43.298738401
-1.09459799797
-43.2745266756
-1.02004212175
-43.2496002749
-0.943680567951
-43.223989826
-0.865565279653
-43.1977401177
-0.785745190508
-43.1709091618
-0.704263933141
-43.1435591177
-0.621162287661
-43.1157459944
-0.536484038565
-43.0875168677
-0.450274185955
-43.058911511
-0.362579337589
-43.0299599373
-0.273446577404
-43.0006805838
-0.182919699993
-42.9710846945
-0.0910311478608
-42.9411781859
0.00219748093446
-42.9109465478
0.0967560703325
-42.8803112071
0.192648092947
-42.8491678656
0.289881276032
-42.8174323889
0.388457314977
-42.7850866965
0.488361586801
-42.7521859612
0.589552722625
-42.718809492
0.691916452384
-42.6850391192
0.795292525663
-42.6509368522
0.899519481207
-42.6165212559
1.00448638752
-42.5817725174
1.11014462052
-42.5466669782
1.21646743969
-42.5111608381
1.32345016708
-42.4751675316
1.43111012148
-42.4385922082
1.53947712656
-42.4013549244
1.64858579837
-42.3634085469
1.75846962204
-42.3247298159
1.86916766078
-42.2853140419
1.98072832298
-42.2451696118
2.09320263329
-42.2043080798
2.20663968455
-42.1627399455
2.32108278815
-42.1204775836
2.43656950962
-42.0775357214
2.55312324272
-42.0339334481
2.6707487543
-41.9897119624
2.78942857615
-41.9449800099
2.90911718044
-41.8998773474
3.02974659587
-41.8545306542
3.15123297629
-41.8090110916
3.27347921571
-41.7633493628
3.39632964372
-41.7175899865
3.51959173324
-41.6717691299
3.64309063193
-41.6258858914
3.76672677941
-41.5799049766
3.89047837756
-41.5337897843
4.01434959627
-41.4875021373
4.13835872495
-41.4410191356
4.26252613565
-41.3943559799
4.38686295937
-41.3475319279
4.51136924311
-41.3005485986
4.63603384366
-41.2533758144
4.76084371587
-41.2059695504
4.88579041402
-41.1582807075
5.01087495181
-41.1102471769
5.1361190682
-41.0617680823
5.26157932558
-41.0127361312
5.38733028482
-40.9630704091
5.51344049942
-40.9127516261
5.63995697101
-40.8618498293
5.76689132958
-40.8105031881
5.89423265857
-40.7588721995
6.02195914252
-40.7070935088
6.15004850713
-40.6552337316
6.2784884593
-40.6032819642
6.40728726821
-40.5511984497
6.5365202213
-40.4989321156
6.66630585176
-40.4464457698
6.79675563977
-40.3937291476
6.92792541772
-40.3407613562
7.05980802568
-40.287488703
7.19237874667
-40.2338573679
7.3256003488
-40.1798538442
7.45942768943
-40.1254993614
7.5938143133
-40.0708427182
7.72871905098
-40.0159352564
7.86411650833
-39.9608222007
7.99998762991
-39.9055456401
8.13630235643
-39.8501469648
8.2730131169
-39.7946786883
8.41004476531
-39.7392340908
8.54728168509
-39.6839198035
8.68458443904
-39.6288254534
8.82181787755
-39.5739835395
8.95887965006
-39.5193357011
9.09572036548
-39.4647496064
9.2323351342
-39.4100612698
9.36875703493
-39.3551177536
9.50505178918
-39.2998198675
9.64131243577
-39.2440637577
9.77776636527
-39.1877395524
9.91467031821
-39.1308159071
10.0521437915
-39.0732756532
10.190256203
-39.0151230511
10.3290362205
-38.9564140086
10.4684858733
-38.8972415311
10.6085942056
-38.837699682
10.7493513782
-38.7778427336
10.8907592543
-38.7176968811
11.0328283633
-38.6572671503
11.1755755033
-38.5965629299
11.3190092857
-38.5356053294
11.4631240403
-38.4744221127
11.6078978354
-38.4130592782
11.7532840375
-38.3516116316
11.8991999178
-38.2901934012
12.0455483186
-38.2288982288
12.1922436988
-38.1677554567
12.3392296046
-38.1067187714
12.4864881692
-38.0457327676
12.6340214322
-37.9847403021
12.7818451497
-37.9236828156
12.9299798201
-37.862508456
13.078437319
-37.8011805537
13.2272074308
-37.7397468701
13.3761358368
-37.6782723201
13.5250305438
-37.6167470755
13.6738260784
-37.5551612038
13.8224880192
-37.4935415551
13.971001313
-37.4319436066
14.1193583079
-37.3704392897
14.2675465777
-37.3091048186
14.4155367448
-37.2480066918
14.5632741977
-37.1871835762
14.7106860402
-37.1266499929
14.8576809777
-37.0664105512
15.0041559861
-37.0064589103
15.1500138284
-36.9467767268
15.2951805787
-36.8873232676
15.4396267631
-36.8280060294
15.5833914544
-36.7687075106
15.726572385
-36.7093158143
15.8692991264
-36.6497687507
16.0116982546
-36.5900761463
16.1538659314
-36.5302638433
16.2958713206
-36.4703758723
16.4377469043
-36.4104792681
16.5794848915
-36.3506598066
16.7210391855
-36.2910788462
16.8622184438
-36.2318997946
17.002799402
-36.1731993169
17.142688113
-36.1150333238
17.2818286807
-36.0574295931
17.4202007682
-36.0003566824
17.5578167389
-35.9437388082
17.694719903
-35.8874779315
17.8309719839
-35.8314733031
17.9666438138
-35.7756334512
18.1018171949
-35.71989084
18.236578945
-35.6642013028
18.3710208356
-35.6085310995
18.5052373974
-35.5528588091
18.6393132604
-35.497176794
18.7733109772
-35.4414826811
18.907270872
-35.3857762706
19.0412059495
-35.3300651634
19.1750921476
-35.274374538
19.3088702997
-35.2187434277
19.442456111
-35.1632202037
19.5757502873
-35.1078598763
19.7086487923
-35.0527214471
19.8410579118
-34.9978615997
19.9729106257
-34.9433213858
20.104185911
-34.8890545169
20.2350258211
-34.8349957224
20.365619572
-34.7811544665
20.4960303512
-34.7275534891
20.6262802757
-34.674203494
20.7563610727
-34.6210999446
20.8862441037
-34.5682325631
21.0158878224
-34.515591638
21.1452562213
-34.4631760934
21.2743336415
-34.410998637
21.403125978
-34.359073418
21.5316621189
-34.3074134351
21.659988732
-34.2560284221
21.7881648594
-34.2049227334
21.9162565126
-34.1540936718
22.0443307775
-34.1035397764
22.1724378811
-34.0532603807
22.3005980406
-34.0032551672
22.4288071346
-33.9535230059
22.5570496684
-33.9040604548
22.6853118275
-33.85486026
22.8135945311
-33.8059082281
22.9419262196
-33.7571846226
23.0703673907
-33.7086646861
23.1991163155
-33.660321163
23.3283824633
-33.6121298891
23.4581747709
-33.5640638591
23.5884619006
-33.5160925348
23.7191929652
-33.4681856283
23.8503081363
-33.4203402049
23.9817361109
-33.3725855015
24.1133869953
-33.3249706496
24.2451580979
-33.2775523352
24.3769399776
-33.2303830209
24.5086229916
-33.183503076
24.6401047738
-33.1369471592
24.7712918319
-33.0907426633
24.9021059653
-33.0449076803
25.0324908733
-32.9994494093
25.1624182733
-32.9543713749
25.2918821135
-32.9096755247
25.420894041
-32.8653642818
25.5494962743
-32.8214364885
25.6777581629
-32.7778837188
25.805761261
-32.7346869301
25.9335843138
-32.6918131143
26.0612882425
-32.6492117604
26.1889012689
-32.6068064638
26.316406081
-32.5645026078
26.4436151044
-32.5222022254
26.5702897808
-32.4798095283
26.6963612217
-32.4372382684
26.8217915984
-32.3944106983
26.946576061
-32.3512788973
27.0707390921
-32.3078241848
27.1943312188
-32.26404383
27.3174282928
-32.2199401965
27.4401218586
-32.1755054563
27.5625151847
-32.1307159919
27.6847018998
-32.0855483622
27.8067459354
-32.0399835799
27.9286784879
-31.9940086852
28.050497485
-31.9476183201
28.1721670516
-31.9008160681
28.2936182822
-31.8536101949
28.4147779533
-31.8060161213
28.5355930173
-31.7580563054
28.656023187
-31.7097564
28.7760322046
-31.6611417552
28.8955833038
-31.6122339206
29.014634671
-31.5630471488
29.1331349069
-31.5135848976
29.2510184887
-31.4638439653
29.3680950605
-31.413807601
29.4841708516
-31.3634496966
29.5992517681
-31.312746552
29.7133825231
-31.2616794465
29.8266264884
-31.2102362948
29.9390490241
-31.1583908121
30.0507096579
-31.106102763
30.1616581976
-31.0533321149
30.2719289252
-31.0000530078
30.3815328065
-30.9462534077
30.4904453807
-30.8919371042
30.5986120086
-30.8371141841
30.7059621053
-30.781799107
30.8124185199
-30.7260092581
30.9179067244
-30.6697635024
31.0223640025
-30.6130805298
31.1257478221
-30.5559739575
31.2280275118
-30.498445614
31.329164904
-30.4404859591
31.42911271
-30.3820797751
31.5278214698
-30.3232114647
31.6252461949
-30.2638704163
31.721352887
-30.2040587325
31.8161267107
-30.1437998233
31.9095813148
-30.0831406181
32.0018776926
-30.0221536957
32.0932124322
-29.9609270978
32.1836080425
-29.8995497761
32.2730622582
-29.8381062316
32.3615566222
-29.7766709015
32.449061966
-29.715296488
32.5355460461
-29.6540068564
32.6209772078
-29.5927931471
32.7053245535
-29.5316153196
32.7885520974
-29.4704203123
32.8706270521
-29.4091478044
32.9515303187
-29.3477317303
33.0312577883
-29.2861040196
33.1098193307
-29.2241983371
33.1872377836
-29.1619534846
33.2635472659
-29.099308639
33.3387810205
-29.0362030357
33.4129619146
-28.9725795676
33.486109
-28.9083871858
33.5582410064
-28.8435829537
33.6293756416
-28.7781344943
33.6995291995
-28.7120223698
33.7687162916
-28.6452400988
33.8369479255
-28.577796344
33.9042289016
-28.5097252589
33.970556413
-28.4410818034
34.0359225921
-28.371935615
34.1003157257
-28.3023649059
34.1637214302
-28.2324503594
34.2261238268
-28.1622694054
34.2875065354
-28.0918965524
34.347851511
-28.0213991512
34.407141854
-27.9508308849
34.4653680228
-27.8802397927
34.5225382751
-27.8096724672
34.5786744264
-27.7391727256
34.6338060151
-27.6687802796
34.687964469
-27.5985294069
34.7411772707
-27.5284476211
34.793462124
-27.4585546814
34.8448217948
-27.3888702596
34.8952502255
-27.319418429
34.944738694
-27.250226986
34.9932775759
-27.1813266388
35.0408578907
-27.1127505866
35.0874731551
-27.0445340336
35.1331213597
-26.9767113386
35.1778052932
-26.9093130134
35.221532755
-26.842359685
35.2643162993
-26.7758471128
35.306169673
-26.7097501981
35.3471048903
-26.6440287718
35.3871310711
-26.5786333562
35.4262533205
-26.5135113044
35.4644714244
-26.4486189236
35.5017763904
-26.383927642
35.5381509604
-26.3194291678
35.5735715423
-26.2551404567
35.6080102341
-26.1910896514
35.6414385403
-26.1273080437
35.6738300394
-26.0638281455
35.7051623862
-26.0006817599
35.7354193138
-25.9378980522
35.7645926352
-25.8755017516
35.7926841044
-25.8135163256
35.8197017255
-25.7519651194
35.8456564742
-25.6908689817
35.870559372
-25.6302453681
35.8944209054
-25.5701075804
35.9172506607
-25.5104622311
35.9390566518
-25.451306302
35.9598445247
-25.3926278139
35.9796184147
-25.3344066489
35.9983819145
-25.2766159082
36.0161383679
-25.2192241498
36.0328906995
-25.1621968702
36.0486427232
-25.1054979618
36.0634004905
-25.0490911685
36.077173639
-24.9929411648
36.0899769228
-24.937008651
36.1018338986
-24.8812514042
36.1127766399
-24.8256270209
36.1228391441
-24.7700948051
36.1320509023
-24.7146167969
36.1404362967
-24.6591588009
36.1480140022
-24.6036914137
36.1547963881
-24.5481910526
36.1607889196
-24.4926409832
36.1659895592
-24.4370322171
36.1703883101
-24.3813589407
36.1739715073
-24.3256142506
36.176722856
-24.2697896484
36.1786244189
-24.2138746698
36.1796578208
-24.1578565143
36.1798054523
-24.1017210566
36.1790516738
-24.0454541877
36.1773835316
-23.9890412766
36.1747878737
-23.9324680065
36.17125063
-23.8757209374
36.1667574517
-23.8187871906
36.1612948144
-23.7616548873
36.1548496421
-23.7043136135
36.1474088919
-23.6467548851
36.1389591381
-23.5889726868
36.1294861573
-23.5309653986
36.1189745123
-23.4727362734
36.1074071369
-23.414292485
36.0947698084
-23.3556442814
36.0810554578
-23.2968049981
36.0662626515
-23.2377910721
36.0503940697
-23.1786209489
36.0334554346
-23.1193125828
36.0154549609
-23.0598828452
35.9964019877
-23.000346993
35.9763055856
-22.9407186308
35.9551739667
-22.8810109078
35.933015934
-22.8212362354
35.9098399876
-22.76140587
35.8856532144
-22.7015308781
35.8604601771
-22.6416235738
35.8342618043
-22.5816978524
35.8070547682
-22.5217701528
35.778834462
-22.4618590475
35.7495958133
-22.4019845681
35.7193334138
-22.3421675314
35.6880416487
-22.2824288648
35.6557148254
-22.2227889323
35.6223473035
-22.1632668602
35.5879336239
-22.1038797883
35.5524686378
-22.0446407344
35.5159476364
-21.9855572235
35.4783713682
-21.9266307708
35.4397508939
-21.8678572245
35.4001066131
-21.8092271084
35.3594672871
-21.750725966
35.3178690622
-21.6923358102
35.2753540417
-21.6340379805
35.2319683369
-21.5758140913
35.1877609359
-21.5176469214
35.1427825974
-21.4595213041
35.0970847444
-21.4014250166
35.0507183573
-21.3433496695
35.0037328679
-21.285291597
34.9561750528
-21.2272513641
34.9080879271
-21.1692329452
34.8595101266
-21.1112447809
34.8104788888
-21.0532994618
34.7610308709
-20.9954131483
34.7112022832
-20.9376049902
34.6610290228
-20.879896547
34.6105468065
-20.8223112074
34.5597913043
-20.7648736091
34.5087982731
-20.7076090588
34.4576036899
-20.650542952
34.4062438852
-20.5937001927
34.3547556762
-20.5371052969
34.3031716126
-20.4807823886
34.2515153838
-20.4247543379
34.1998030554
-20.3690418968
34.1480443086
-20.313663943
34.0962432298
-20.2586391301
34.0443985779
-20.2039856292
33.9925048707
-20.1497208119
33.9405534954
-20.0958609335
33.8885338188
-20.0424208152
33.836434298
-19.989413528
33.7842435911
-19.9368500749
33.7319516674
-19.8847390744
33.6795509182
-19.8330864432
33.6270372669
-19.7818949352
33.5744107911
-19.7311630514
33.5216727458
-19.6808853218
33.4688247489
-19.6310528524
33.4158686525
-19.5816538712
33.3628064134
-19.5326742747
33.3096399635
-19.4840981745
33.2563710809
-19.4359084437
33.2030012603
-19.3880872633
33.1495315839
-19.3406166685
33.095962592
-19.2934790954
33.0422941534
-19.2466579271
32.9885253367
-19.2001380406
32.9346542805
-19.1539063526
32.8806780641
-19.1079523666
32.8265925784
-19.0622676119
32.7723928472
-19.0168436766
32.7180738694
-18.9716721487
32.6636306444
-18.9267446161
32.6090581711
-18.8820526667
32.5543514489
-18.8375878887
32.4995054769
-18.7933418699
32.4445152542
-18.7493061984
32.3893757801
-18.7054724621
32.3340820536
-18.661832249
32.278629074
-18.6183771471
32.2230118403
-18.5750987444
32.1672253519
-18.5319886289
32.1112646078
-18.4890383885
32.0551246071
-18.4462396112
31.9988003492
-18.403583885
31.9422868331
-18.361062798
31.885579058
-18.318667938
31.8286720231
-18.276390893
31.7715607274
-18.2342232511
31.7142401703
-18.1921566002
31.6567053509
-18.1501825283
31.5989512683
-18.1082926234
31.5409729217
-18.0664784735
31.4827653102
-18.0247316665
31.4243234331
-17.9830437904
31.3656422894
-17.9414064332
31.3067168785
-17.899811183
31.2475421993
-17.8582496276
31.1881132511
-17.8167133551
31.1284250331
-17.7751939534
31.0684725444
-17.7336830105
31.0082507842
-17.6921721145
30.9477547516
-17.6506528532
30.8869794459
-17.6091168148
30.8259198661
-17.567555587
30.7645710115
-17.525960758
30.7029278812
-17.4843239157
30.6409854744
-17.4426366482
30.5787387902
-17.4008905433
30.5161828278
-17.359077189
30.4533125864
-17.3171881734
30.3901230651
-17.2752150845
30.3266092632
-17.2331495101
30.2627661797
-17.1909830384
30.1985888139
-17.1487072572
30.1340721648
-17.1063137546
30.0692112317
-17.0637941185
30.0040010138
-17.021139937
29.9384365102
-16.9783427979
29.87251272
-16.9353942894
29.8062246424
-16.8922859993
29.7395672767
-16.8490095156
29.6725356219
-16.8055564264
29.6051246772
-16.7619183196
29.5373294419
-16.7180867833
29.4691449149
-16.6740534053
29.4005660957
-16.6298097736
29.3315879832
-16.5853474763
29.2622055766
-16.5406581013
29.1924138752
-16.4957332367
29.122207878
-16.4505644703
29.0515825844
-16.4051433902
28.9805329933
-16.3594615844
28.909054104
-16.3135106408
28.8371409156
-16.2672821474
28.7647884274
-16.2207676923
28.6919916385
-16.1739588633
28.618745548
-16.1268472485
28.5450451551
-16.0794244358
28.4708854589
-16.0316820133
28.3962614588
-15.9836115689
28.3211681537
-15.9352046906
28.2456005429
-15.8864529664
28.1695536255
-15.8373479842
28.0930224008
-15.7878813321
28.0160018678
-15.738044598
27.9384870257
-15.6878293699
27.8604728738
-15.6372272358
27.7819544111
-15.5862297837
27.7029266368
-15.5348282845
27.6233840963
-15.4830037796
27.5433065208
-15.4307262662
27.4626570296
-15.3779600091
27.3813890256
-15.3246688525
27.2994530912
-15.2708215315
27.2168038842
-15.2163969842
27.1334070332
-15.1613896629
27.0492460341
-15.1058103088
26.9643230283
-15.0496765102
26.8786465431
-14.9930110335
26.7922304121
-14.9358406426
26.7050933695
-14.8781949169
26.617258644
-14.8201050703
26.5287535527
-14.7616027697
26.4396090954
-14.7027189537
26.3498595482
-14.6434826513
26.2595420581
-14.5839204891
26.1686967268
-14.5240592751
26.0773684523
-14.4639262965
25.9856065302
-14.4035492111
25.8934639312
-14.3429559392
25.8009965784
-14.2821745548
25.7082626249
-14.2212331779
25.6153217306
-14.1601598659
25.5222343398
-14.0989828221
25.4290614123
-14.0377402003
25.3358780609
-13.976480811
25.2427746268
-13.9152587011
25.1498490611
-13.8541277341
25.0571993063
-13.7931361698
24.9649156778
-13.7323212446
24.8730732454
-13.6717021851
24.7817197605
-13.6112773339
24.6908688971
-13.5510348332
24.6005163428
-13.4909555947
24.510644883
-13.4310157827
24.421228812
-13.3711892974
24.3322383443
-13.3114502577
24.2436440253
-13.2517754844
24.1554211432
-13.1921469832
24.0675541392
-13.1325543617
23.9800407158
-13.072994237
23.8928856527
-13.0134664628
23.8060945384
-12.9539733651
23.7196733907
-12.8945193851
23.6336286019
-12.8351107209
23.5479668836
-12.7757549703
23.462695212
-12.7164607722
23.3778207729
-12.6572377663
23.2933513603
-12.5981061479
23.2093096819
-12.5390971244
23.1257351021
-12.4802472459
23.0426766912
-12.4215927355
22.9601862747
-12.3631637822
22.878311517
-12.3049768801
22.7970913132
-12.2470295786
22.7165506471
-12.1893030787
22.6367047503
-12.1317754707
22.5575771033
-12.0744238573
22.4791964449
-12.0172259293
22.4015929343
-11.9601615414
22.324794313
-11.903214288
22.2488220665
-11.8463730789
22.1736875862
-11.789633469
22.0993878449
-11.7329955783
22.0258968874
-11.6764615486
21.9531626135
-11.6200328111
21.8811132939
-11.563709746
21.8096646522
-11.5074910242
21.7387236221
-11.4513729493
21.6681921045
-11.3953487992
21.5979707247
-11.3394081679
21.5279625896
-11.2835363073
21.4580770446
-11.2277118627
21.3882313563
-11.1718942401
21.3183338265
-11.1160256185
21.2482825041
-11.0600394112
21.1779728705
-11.0038687268
21.107305526
-10.9474548686
21.0361938418
-10.8907577869
20.9645693032
-10.8337656868
20.8923918412
-10.7764987811
20.8196561212
-10.7189994642
20.7463749922
-10.6613247931
20.6725765367
-10.6035385139
20.5983011707
-10.5457062956
20.5235967697
-10.4878909628
20.448513795
-10.43014773
20.3731004192
-10.37251968
20.2973981389
-10.3150367201
20.2214418751
-10.2577173872
20.1452648859
-10.2005732665
20.0689020758
-10.14361053
19.9923871686
-10.0868333186
19.9157461942
-10.0302457763
19.8389957593
-9.97385323996
19.7621432337
-9.91766342875
19.6851869355
-9.86168763387
19.6081163166
-9.80594319715
19.5309137701
-9.75045676261
19.4535610975
-9.69526198102
19.3760429428
-9.64039689169
19.2983499447
-9.58590124048
19.220481606
-9.53181387095
19.1424405633
-9.47817003304
19.0642288469
-9.42499651552
18.9858431027
-9.3723063535
18.9072690115
-9.32009689898
18.828485507
-9.26835335745
18.749466575
-9.21705326591
18.6701836754
-9.16616776426
18.5906101379
-9.11566286664
18.5107255587
-9.06550097881
18.4305206827
-9.01564582522
18.3500064709
-8.96606715111
18.269217385
-8.91674039314
18.1882047808
-8.86764511587
18.1070323045
-8.81876582999
18.0257735841
-8.77009056222
17.9445132815
-8.72161077234
17.8633433595
-8.67332211526
17.7823574353
-8.62522520315
17.7016451337
-8.57732765665
17.621288061
-8.52964692895
17.5413604405
-8.48220758287
17.4619267135
-8.43503824516
17.3830388596
-8.38816856081
17.304733716
-8.34162673374
17.2270308614
-8.29543852179
17.1499398807
-8.24962448453
17.0734646099
-8.20419763445
16.9976038506
-8.15916111047
16.9223520739
-8.11451125691
16.8476975307
-8.07024164402
16.7736209846
-8.02634388185
16.7000964187
-7.98280843401
16.6270917428
-7.9396254316
16.5545695008
-7.89678233082
16.4824846414
-7.8542579821
16.4107780159
-7.81202268378
16.3393803029
-7.77004102094
16.2682160848
-7.72827570382
16.1972078421
-7.68668736912
16.1262849117
-7.6452357278
16.0553876616
-7.60388155796
15.9844697513
-7.5625886977
15.9135003914
-7.52132599293
15.842466577
-7.48006305453
15.7713704269
-7.43876454174
15.7002205119
-7.39739236704
15.6290274789
-7.35590822375
15.5577999563
-7.31427621521
15.4865407079
-7.27246684138
15.4152487985
-7.23045713
15.3439195206
-7.18823146463
15.272543205
-7.14578261908
15.2011041451
-7.10311285891
15.1295795602
-7.06023079107
15.0579422007
-7.01714759924
14.9861636497
-6.97387640293
14.9142157332
-6.93043161651
14.8420719318
-6.88682830823
14.7697087909
-6.8430844695
14.6971097812
-6.79922346289
14.624269248
-6.75527181044
14.5511891626
-6.71125746358
14.4778739544
-6.6672075347
14.4043267435
-6.62314828264
14.3305422158
-6.57910375105
14.2565042813
-6.53509356163
14.182185648
-6.49113070746
14.1075473948
-6.44721939131
14.0325385725
-6.40335811518
13.9570973836
-6.35954314743
13.8811548983
-6.31576882358
13.8046410962
-6.27202784247
13.7274909309
-6.22831093821
13.6496498639
-6.18460314464
13.5710723268
-6.14088421761
13.4917226687
-6.09713039635
13.4115783638
-6.0533161649
13.3306332178
-6.00941590632
13.2489004805
-5.96540353744
13.1664099366
-5.92125320637
13.0832034383
-5.87694095806
12.9993326219
-5.83244639992
12.9148566257
-5.78775727758
12.8298422563
-5.74287422951
12.7443642446
-5.69780971571
12.6585005538
-5.65258570654
12.5723298752
-5.60723081614
12.4859309816
-5.56177810393
12.3993804305
-5.51626287121
12.3127502656
-5.47072045774
12.2261057173
-5.4251832656
12.1395039103
-5.37967593128
12.0529945636
-5.33421678842
11.9666216521
-5.28881978272
11.8804279664
-5.24349433563
11.794457226
-5.19824600005
11.7087526029
-5.15307712058
11.623355225
-5.10798801644
11.5383029586
-5.06297969186
11.4536299736
-5.01805471666
11.369365278
-4.97321835441
11.2855292884
-4.92848022937
11.2021296638
-4.88385411993
11.1191606926
-4.83935826708
11.0366064491
-4.79501437606
10.9544441069
-4.75084573283
10.8726449826
-4.70687532058
10.7911755802
-4.66312102605
10.7099961852
-4.619590667
10.6290593705
-4.57628382263
10.5483141016
-4.53319328771
10.467711156
-4.49030338604
10.3872060722
-4.4475926642
10.3067609995
-4.40503698595
10.2263465556
-4.3626126266
10.1459436857
-4.32030014009
10.0655445143
-4.27809007791
9.98515120469
-4.23598206764
9.90477554916
-4.19398341297
9.82443616914
-4.15211086003
9.7441533882
-4.11039005003
9.66393901474
-4.06884797641
9.58378029345
-4.02751229091
9.50365024512
-3.9864113689
9.42352015363
-3.94557437481
9.34337205287
-3.90502710958
9.26320558613
-3.86478111769
9.18302210978
-3.82483786967
9.10282267826
-3.78519275527
9.02260877041
-3.74583810848
8.94238083037
-3.70676623253
8.8621368085
-3.66797242487
8.7818707023
-3.62945800221
8.70157109729
-3.59123323752
8.62121972409
-3.55331285394
8.54079094296
-3.51571211922
8.46025116658
-3.47844920368
8.37956040987
-3.44154315783
8.29867494039
-3.40501148935
8.21754991933
-3.36886851286
8.13614103672
-3.33312559652
8.05440418002
-3.29779001947
7.97229741431
-3.26286407798
7.88978141447
-3.22834386842
7.80682108207
-3.19421727821
7.72339075118
-3.16046429068
7.63948448462
-3.12706391218
7.55513166985
-3.09399354372
7.47038431003
-3.06122908742
7.38530322493
-3.02874472727
7.29994624278
-2.99651584572
7.21436457892
-2.96452887996
7.12861817225
-2.9327780174
7.04277353818
-2.90126243112
6.95690008356
-2.86998440042
6.87106869089
-2.83894743143
6.78535030264
-2.80815437764
6.69981450543
-2.7776055605
6.6145281143
-2.74729697797
6.52955374084
-2.71722600305
6.44494705701
-2.68739895248
6.36075529252
-2.65783034424
6.2770169372
-2.62853879401
6.19376121522
-2.59954581277
6.11100928517
-2.57087424699
6.02877661475
-2.54254482195
5.94707732192
-2.51457407429
5.8659262047
-2.48697238547
5.7853406263
-2.45974201514
5.70534240027
-2.43287745308
5.62596474459
-2.40637276635
5.54726506701
-2.38022245519
5.46931188488
-2.3544196992
5.39216980593
-2.32895409144
5.3158830071
-2.3038154607
5.24046510088
-2.27900454166
5.16591185293
-2.25453058876
5.09220603832
-2.23040811686
5.01932111621
-2.20665364184
4.94722490463
-2.18328242133
4.87588325509
-2.1603051953
4.80526372741
-2.1377249267
4.73533926435
-2.11553363017
4.66609185024
-2.09371566666
4.5975145898
-2.07224986386
4.52961232204
-2.05110649295
4.46240015359
-2.03024872705
4.39590102789
-2.0096331473
4.33014314402
-1.98921170754
4.26515668855
-1.9689343359
4.20097058407
-1.9487515365
4.13760923782
-1.92861699111
4.0750892903
-1.90849016079
4.01341636384
-1.8883388876
3.95258181124
-1.86813967776
3.89255439543
-1.84787136254
3.83326666943
-1.82751633027
3.7746296699
-1.8070635804
3.71655040918
-1.7865106675
3.65894967305
-1.76585988266
3.60177144006
-1.74510821513
3.54496874195
-1.72424963244
3.48850191984
-1.70327821031
3.43233817741
-1.68219126268
3.3764511341
-1.66098814124
3.32081871888
-1.63966854358
3.26542074194
-1.61823484335
3.21023794115
-1.59669433236
3.15525104462
-1.57505499664
3.10044141308
-1.55332144293
3.04579287164
-1.53149475069
2.99129343519
-1.50957599117
2.93693735406
-1.4875711587
2.88272581226
-1.46549132717
2.82866641829
-1.44335175396
2.77477251026
-1.42117098392
2.72106246099
-1.39896995337
2.66755898311
-1.37677109398
2.61428843419
-1.35459743685
2.56128012183
-1.33247171637
2.50856560876
-1.31041511683
2.4561774951
-1.28844786918
2.40414799243
-1.26659036
2.35250899999
-1.24486237013
2.30129142077
-1.22328231314
2.25052447773
-1.20186647396
2.20023502999
-1.18062824743
2.15044688902
-1.15957737684
2.10118013478
-1.13871876633
2.05245054675
-1.11805463764
2.00427100092
-1.09758853695
1.95665287003
-1.07732543927
1.90960591866
-1.05727185283
1.86313819823
-1.03743592352
1.81725594217
-1.01782753927
1.7719634609
-0.99845833875
1.72726290258
-0.979343073002
1.68315417348
-0.96049950852
1.63963554553
-0.94194769332
1.59670424701
-0.923709222995
1.55435705321
-0.905806506764
1.51259087717
-0.888262033533
1.47140336031
-0.87109763795
1.43079346316
-0.854333766455
1.39076205604
-0.837988743341
1.35131250972
-0.822078021239
1.31245127753
-0.806610874615
1.27418676886
-0.791588075279
1.2365277779
-0.777001566466
1.19948281144
-0.762834136913
1.16305941673
-0.749059094938
1.12726350931
-0.735639942521
1.09209870082
-0.722530049408
1.05756562689
-0.709677083901
1.02366281957
-0.697028920978
0.990387595242
-0.684534169835
0.957735786631
-0.67214258191
0.925701505244
-0.660131563968
0.894239752356
-0.648460984582
0.863349022125
-0.637089744176
0.833021470097
-0.625974763552
0.803242946226
-0.615065493505
0.773992763537
-0.604302564252
0.745244656282
-0.593617192502
0.716968126445
-0.58293018643
0.68913006659
-0.572150392921
0.661696766016
-0.561172356302
0.634636458842
-0.549878495206
0.607921056722
-0.538155987215
0.58152332554
-0.525900594968
0.555416575679
-0.513017400104
0.529575096607
-0.499421537207
0.503974591455
-0.485038927753
0.4785926116
-0.46980701405
0.453408991243
-0.453675493188
0.428406281995
-0.436607050981
0.403570187451
-0.418578095912
0.37888999778
-0.399579493051
0.354359024286
-0.379612967528
0.329973374589
-0.358687016666
0.305730405695
-0.336816844034
0.281628651853
-0.320075715933
0.257039903613
-0.301535188122
0.232625586184
-0.280934683267
0.208332693374
-0.258005922318
0.184166695546
-0.232533172349
0.160185588759
-0.20451242869
0.136454274219
-0.174220349162
0.112991452121
-0.141980079094
0.0898055587991
-0.108114763815
0.0669050305905
-0.072947548654
0.0442983038306
-0.0368015789392
0.0219938148552
0
0
