2
1000
-10.9092277817
-2.02022736698
-10.9093752123
-2.02022736698
-10.9097316555
-2.02022736698
-10.9103017816
-2.02022736698
-10.9110902606
-2.02022736698
-10.9121017627
-2.02022736698
-10.913340958
-2.02022736698
-10.9148125168
-2.02022736698
-10.9165211092
-2.02022736698
-10.9184714052
-2.02022736698
-10.9206680751
-2.02022736698
-10.9231157891
-2.02022736698
-10.9258192172
-2.02022736698
-10.9279421032
-2.02022736698
-10.9301975118
-2.02022736698
-10.9325850255
-2.02022736698
-10.9351041801
-2.02022736698
-10.9377544645
-2.02022736698
-10.9405353212
-2.02022736698
-10.9434466088
-2.02022736698
-10.9464929188
-2.02022736698
-10.9496840148
-2.02022736698
-10.9530340577
-2.02022736698
-10.9565608328
-2.02022736698
-10.9602849756
-2.02022736698
-10.9642291975
-2.02022736698
-10.9684175129
-2.02022736698
-10.9728744644
-2.02022736698
-10.9776243495
-2.02022736698
-10.9826904465
-2.02022736698
-10.9880942408
-2.02022736698
-10.9938546509
-2.02022736698
-10.9999887466
-2.02022736698
-11.0065130925
-2.02022736698
-11.0134438637
-2.02022736698
-11.0207969611
-2.02022736698
-11.0285881263
-2.02022736698
-11.0368330577
-2.02022736698
-11.0455953253
-2.02022736698
-11.0548935921
-2.02022736698
-11.0647468698
-2.02022736698
-11.0751746344
-2.02022736698
-11.0861969417
-2.02022736698
-11.0978345426
-2.02022736698
-11.1101083503
-2.02022736698
-11.1230349338
-2.02022736698
-11.1366261419
-2.02022736698
-11.150889944
-2.02022736698
-11.1658312692
-2.02022736698
-11.1814528471
-2.02022736698
-11.197756047
-2.02022736698
-11.2147417189
-2.02022736698
-11.2324110326
-2.02022736698
-11.2507663717
-2.02022736698
-11.2698135429
-2.02022736698
-11.289562686
-2.02022736698
-11.3100283994
-2.02022736698
-11.3312283729
-2.02022736698
-11.3531813957
-2.02022736698
-11.375906592
-2.02022736698
-11.3994226569
-2.02022736698
-11.4237470928
-2.02022736698
-11.4488954451
-2.02022736698
-11.4748805383
-2.02022736698
-11.5017117346
-2.02022736698
-11.5293949029
-2.02022736698
-11.5579330007
-2.02022736698
-11.5873266436
-2.02022736698
-11.61757421
-2.02022736698
-11.6486682784
-2.02022736698
-11.680596063
-2.02022736698
-11.7133408081
-2.02022736698
-11.7468831792
-2.02022736698
-11.7812026556
-2.02022736698
-11.8162795431
-2.02022736698
-11.8520968255
-2.02022736698
-11.8886391197
-2.02022736698
-11.9258914961
-2.02022736698
-11.9638382457
-2.02022736698
-12.002460331
-2.02022736698
-12.0417341366
-2.02022736698
-12.0816308426
-2.02022736698
-12.1221179818
-2.02022736698
-12.1631605659
-2.02022736698
-12.204722133
-2.02022736698
-12.2467657952
-2.02022736698
-12.2892552858
-2.02022736698
-12.332156007
-2.02022736698
-12.3754360771
-2.02022736698
-12.4190673557
-2.02022736698
-12.4630257582
-2.02022736698
-12.5072894756
-2.02022736698
-12.5518371868
-2.02022736698
-12.5966483717
-2.02022736698
-12.6417076001
-2.02022736698
-12.6870046878
-2.02022736698
-12.7325336379
-2.02022736698
-12.7782915822
-2.02022736698
-12.8242777223
-2.02022736698
-12.8704917525
-2.02022736698
-12.9169333808
-2.02022736698
-12.9636029355
-2.02022736698
-13.010501498
-2.02022736698
-13.0576297202
-2.02022736698
-13.1049879415
-2.02022736698
-13.1525770902
-2.02022736698
-13.200399747
-2.02022736698
-13.2484590248
-2.02022736698
-13.29675891
-2.02022736698
-13.3453059319
-2.02022736698
-13.3941094941
-2.02022736698
-13.4431821798
-2.02022736698
-13.4925400565
-2.02022736698
-13.5422029573
-2.02022736698
-13.5921940209
-2.02022736698
-13.642538595
-2.02022736698
-13.693264632
-2.02022736698
-13.7444031081
-2.02022736698
-13.7959875313
-2.02022736698
-13.8480541247
-2.02022736698
-13.9006383622
-2.02022736698
-13.953771187
-2.02022736698
-14.0074752304
-2.02022736698
-14.0617623948
-2.02022736698
-14.1166341439
-2.02022736698
-14.1720831269
-2.02022736698
-14.2280967473
-2.02022736698
-14.2846613398
-2.02022736698
-14.341767112
-2.02022736698
-14.3994046767
-2.02022736698
-14.4575680242
-2.02022736698
-14.516258147
-2.02022736698
-14.5754883241
-2.02022736698
-14.6352884532
-2.02022736698
-14.6957267092
-2.02022736698
-14.7569269131
-2.02022736698
-14.8190103957
-2.02022736698
-14.8820453856
-2.02022736698
-14.9460684036
-2.02022736698
-15.0111020663
-2.02022736698
-15.0771700065
-2.02022736698
-15.1443068714
-2.02022736698
-15.2125489872
-2.02022736698
-15.2819202592
-2.02022736698
-15.3524230304
-2.02022736698
-15.4240490394
-2.02022736698
-15.4967863237
-2.02022736698
-15.5706257862
-2.02022736698
-15.6455662932
-2.02022736698
-15.7216091712
-2.02022736698
-15.7987515186
-2.02022736698
-15.8769910054
-2.02022736698
-15.9563307511
-2.02022736698
-16.0367847514
-2.02022736698
-16.1184207545
-2.02022736698
-16.2013461103
-2.02022736698
-16.2856350151
-2.02022736698
-16.3712839934
-2.02022736698
-16.4582502528
-2.02022736698
-16.546439168
-2.02022736698
-16.6356949184
-2.02022736698
-16.7258666571
-2.02022736698
-16.8168671549
-2.02022736698
-16.9086553978
-2.02022736698
-17.0012161226
-2.02022736698
-17.0945427986
-2.02022736698
-17.1886473245
-2.02022736698
-17.2835502854
-2.02022736698
-17.3792142256
-2.02022736698
-17.475589895
-2.02022736698
-17.5726284866
-2.02022736698
-17.6702936365
-2.02022736698
-17.7685717733
-2.02022736698
-17.867484589
-2.02022736698
-17.9670979096
-2.02022736698
-18.0674951328
-2.02022736698
-18.168737552
-2.02022736698
-18.2708409562
-2.02022736698
-18.3737988142
-2.02022736698
-18.4775459434
-2.02022736698
-18.5819671567
-2.02022736698
-18.6869638634
-2.02022736698
-18.792490125
-2.02022736698
-18.8984809063
-2.02022736698
-19.0048226048
-2.02022736698
-19.1114032756
-2.02022736698
-19.2181553329
-2.02022736698
-19.3250262705
-2.02022736698
-19.4319577765
-2.02022736698
-19.5388774071
-2.02022736698
-19.6456979625
-2.02022736698
-19.7523049358
-2.02022736698
-19.8585836295
-2.02022736698
-19.9645015378
-2.02022736698
-20.0700568531
-2.02022736698
-20.1752569759
-2.02022736698
-20.2801025254
-2.02022736698
-20.3845729149
-2.02022736698
-20.4886167655
-2.02022736698
-20.5921544374
-2.02022736698
-20.6951039049
-2.02022736698
-20.7974061304
-2.02022736698
-20.899030667
-2.02022736698
-20.9999041018
-2.02022736698
-21.0999174764
-2.02022736698
-21.1989964843
-2.02022736698
-21.2971408636
-2.02022736698
-21.3943853317
-2.02022736698
-21.4908178189
-2.02022736698
-21.5865879555
-2.02022736698
-21.6818383373
-2.02022736698
-21.7766432939
-2.02022736698
-21.871024365
-2.02022736698
-21.9649706332
-2.02022736698
-22.0584541849
-2.02022736698
-22.1514161376
-2.02022736698
-22.2437808351
-2.02022736698
-22.3355287117
-2.02022736698
-22.4266530367
-2.02022736698
-22.5171583314
-2.02022736698
-22.6070542394
-2.02022736698
-22.6963485099
-2.02022736698
-22.7850357365
-2.02022736698
-22.8731134375
-2.02022736698
-22.9605972387
-2.02022736698
-23.0475115571
-2.02022736698
-23.1339248395
-2.02022736698
-23.219919439
-2.02022736698
-23.3056087789
-2.02022736698
-23.3911280464
-2.02022736698
-23.4765762166
-2.02022736698
-23.5619834657
-2.02022736698
-23.647363925
-2.02022736698
-23.7327247187
-2.02022736698
-23.8180714705
-2.02022736698
-23.9034173147
-2.02022736698
-23.988791929
-2.02022736698
-24.0742459434
-2.02022736698
-24.1598456432
-2.02022736698
-24.2456617128
-2.02022736698
-24.3317873376
-2.02022736698
-24.4183214023
-2.02022736698
-24.5052917949
-2.02022736698
-24.59270164
-2.02022736698
-24.6805454817
-2.02022736698
-24.7688174768
-2.02022736698
-24.8575200114
-2.02022736698
-24.9466769818
-2.02022736698
-25.036314376
-2.02022736698
-25.1264490585
-2.02022736698
-25.2170918413
-2.02022736698
-25.3082060649
-2.02022736698
-25.3997351981
-2.02022736698
-25.4916177375
-2.02022736698
-25.5838024621
-2.02022736698
-25.6762464816
-2.02022736698
-25.768911264
-2.02022736698
-25.8617536165
-2.02022736698
-25.9547301997
-2.02022736698
-26.0478029129
-2.02022736698
-26.1409388264
-2.02022736698
-26.2341110499
-2.02022736698
-26.3272977288
-2.02022736698
-26.420481342
-2.02022736698
-26.5136536651
-2.02022736698
-26.6068130715
-2.02022736698
-26.6999597431
-2.02022736698
-26.7930988308
-2.02022736698
-26.8862341749
-2.02022736698
-26.9793625189
-2.02022736698
-27.0724680639
-2.02022736698
-27.1655166019
-2.02022736698
-27.2584267845
-2.02022736698
-27.3510715726
-2.02022736698
-27.443312658
-2.02022736698
-27.5349984216
-2.02022736698
-27.6259931289
-2.02022736698
-27.7162097944
-2.02022736698
-27.8056170673
-2.02022736698
-27.8942160487
-2.02023294861
-27.9820352017
-2.02027264329
-28.0691163279
-2.0203886223
-28.1555047516
-2.02062470036
-28.2412388465
-2.02101433917
-28.3263386044
-2.0215688945
-28.4108085708
-2.02228836635
-28.4946429549
-2.02317275471
-28.5778276284
-2.0242220596
-28.6603453105
-2.025436281
-28.7421812021
-2.02681541893
-28.8233281749
-2.02835947338
-28.9037885456
-2.03006844434
-28.9835684209
-2.03194233183
-29.0626765845
-2.03398113583
-29.1411262081
-2.03618485636
-29.2189365622
-2.0385534934
-29.2961347269
-2.04108704697
-29.372776998
-2.04378551705
-29.4489290753
-2.04664890365
-29.5246323326
-2.04967720678
-29.5999332435
-2.05287042642
-29.6748835014
-2.05622856258
-29.7495322172
-2.05975161527
-29.8239180161
-2.06343958447
-29.8980786626
-2.06728688856
-29.9720405755
-2.07126499612
-30.0458231762
-2.07533173587
-30.1194378408
-2.07944329309
-30.1928876708
-2.08356620608
-30.2661800174
-2.08768911908
-30.3393305428
-2.09181203207
-30.4123591413
-2.09593494507
-30.4852907404
-2.10005785806
-30.5581531332
-2.10418077105
-30.6309731464
-2.10830368405
-30.7037730199
-2.11242659704
-30.7765698984
-2.11654951003
-30.8493751216
-2.12067242303
-30.9221973582
-2.12479533602
-30.9950459495
-2.12891824902
-31.0679324301
-2.13304116201
-31.1408726944
-2.137164075
-31.2138970643
-2.141286988
-31.2870658882
-2.14540990099
-31.3604573686
-2.14953281399
-31.4341499086
-2.15365572698
-31.5082005096
-2.15777863997
-31.5826302247
-2.16190155297
-31.657433489
-2.16601888433
-31.7325721933
-2.17010210264
-31.8079968491
-2.17410903662
-31.8836937636
-2.17799587156
-31.9596875188
-2.18172914574
-32.036017425
-2.18529750341
-32.1127052026
-2.18870094456
-32.1897666948
-2.19193946918
-32.2672136032
-2.19501307729
-32.3450521018
-2.19792176888
-32.4232812804
-2.20066554395
-32.5018935918
-2.2032444025
-32.5808793511
-2.20565834452
-32.6602282387
-2.20790737003
-32.7399303641
-2.20999147902
-32.8199773293
-2.21191067149
-32.9003630372
-2.21366494744
-32.9810819484
-2.21525430687
-33.0621299225
-2.21667874978
-33.1435030676
-2.21793827617
-33.225196647
-2.21903288604
-33.3072045405
-2.21996257939
-33.3895185716
-2.22072735622
-33.4721302985
-2.22132721653
-33.5550299817
-2.22176216032
-33.6382010644
-2.22203776923
-33.721631044
-2.22218257466
-33.8053071224
-2.22223874791
-33.8891925699
-2.22225010368
-33.973237539
-2.22225010368
-34.0574022644
-2.22225010368
-34.1416741372
-2.22225010368
-34.2260418224
-2.22225010368
-34.3104899198
-2.22224155664
-34.395005015
-2.22219868288
-34.4795788592
-2.22208493497
-34.5642106546
-2.22185959001
-34.6489043088
-2.2214843418
-34.7336674939
-2.22092791073
-34.8185081018
-2.22015998382
-34.9034309573
-2.2191503732
-34.9884368289
-2.21786940104
-35.0735258536
-2.21628828435
-35.1586958418
-2.21437951995
-35.2439376738
-2.21211769743
-35.3292358726
-2.20947957052
-35.4145703485
-2.2064429825
-35.4999222327
-2.20298578659
-35.5852781504
-2.19908476636
-35.6706295666
-2.19471455611
-35.7559748412
-2.18984655955
-35.841310705
-2.18444803656
-35.9265947651
-2.17848245317
-36.011744581
-2.17191021251
-36.0966704634
-2.1646893857
-36.1813064721
-2.15677644275
-36.2655957364
-2.14812698351
-36.3494909907
-2.13869646854
-36.4329526957
-2.12844949704
-36.5159435331
-2.11736862433
-36.5984293835
-2.10544716417
-36.6803769607
-2.09268200909
-36.7617527182
-2.07906645085
-36.8425222039
-2.0645849832
-36.9226524646
-2.04921877437
-37.0021144502
-2.03294592131
-37.0808961199
-2.01573881501
-37.1590108212
-1.99756231737
-37.2364885075
-1.9783755925
-37.3133669598
-1.95813354296
-37.3896817839
-1.93678898759
-37.465455504
-1.9142959853
-37.5406841906
-1.89061316379
-37.6153277362
-1.86570676933
-37.6893366026
-1.83954948904
-37.7626629318
-1.81211996369
-37.8352604873
-1.78340304135
-37.9071064455
-1.75338876786
-37.9781916765
-1.72207099629
-38.048491363
-1.68944599651
-38.1179497935
-1.6555113736
-38.1865216896
-1.62026664891
-38.2541810332
-1.58372096289
-38.320917247
-1.54590060795
-38.3867311016
-1.50684200972
-38.4516272382
-1.46658544567
-38.5156101423
-1.4251686184
-38.5786806422
-1.38262221264
-38.6408483035
-1.33897682882
-38.7021364577
-1.29426480445
-38.7625739382
-1.24852032023
-38.8221740723
-1.2017811685
-38.8809183605
-1.15408971039
-38.9387593744
-1.10548975009
-38.9956234816
-1.05602408357
-39.0514369313
-1.00573249129
-39.1061444069
-0.954650655841
-39.1597167368
-0.902809539397
-39.2121580022
-0.850235040395
-39.2634808501
-0.796951879128
-39.3136949773
-0.742986626684
-39.3628091651
-0.688368561572
-39.410841441
-0.633130145464
-39.4578193554
-0.577307491445
-39.5037879416
-0.520940307737
-39.5488060104
-0.4640709523
-39.5929297762
-0.406741843003
-39.6362087379
-0.348985745965
-39.6786866131
-0.290816832981
-39.7203942293
-0.232237754145
-39.7613455876
-0.173246862226
-39.8015495904
-0.113848164335
-39.8410158904
-0.054056672367
-39.8797397685
0.00610890749051
-39.9176943785
0.0666283730189
-39.9548276552
0.127478846726
-39.9910623533
0.188634407909
-40.0263265393
0.250069756017
-40.0605940757
0.311763050088
-40.0938775517
0.373697285299
-40.1261952281
0.435862014082
-40.1575552857
0.49825944572
-40.1879952828
0.560918123802
-40.2175639491
0.623880543716
-40.2463134682
0.687188921801
-40.2743015027
0.750872732526
-40.3015672474
0.814954693402
-40.3281330632
0.879455642727
-40.354016811
0.944395022583
-40.3792312316
1.00979109741
-40.4037709466
1.07566018338
-40.4276087246
1.14201598747
-40.4506986952
1.2088699715
-40.4729840321
1.27623231522
-40.4944083121
1.34411374407
-40.5149243327
1.41252507439
-40.5344889886
1.48147510658
-40.5530487766
1.55097474795
-40.5705373127
1.62104060594
-40.5868856637
1.69169809248
-40.6020408188
1.7629888698
-40.6159803418
1.83498892344
-40.628700184
1.90778740506
-40.6401921176
1.9814587336
-40.6504446483
2.0560376555
-40.6594522624
2.13152811698
-40.6672209473
2.20790946822
-40.6737275058
2.28512788145
-40.6789365363
2.36311382902
-40.6828064602
2.44180038892
-40.6852875142
2.52113313459
-40.6863487209
2.60106655307
-40.6859770753
2.68156274679
-40.6841541711
2.76259399813
-40.68084479
2.8441444937
-40.6760153692
2.9262128304
-40.6696434122
3.00881711531
-40.6617195506
3.09198897723
-40.6522510745
3.17576471609
-40.6412646668
3.26017662215
-40.6287927869
3.34524932946
-40.6148655466
3.43100341859
-40.5995252967
3.51745879307
-40.5828298982
3.60462528936
-40.5648429488
3.69249310672
-40.5456242407
3.78102055788
-40.5252067203
3.87011151361
-40.5035617099
3.95963533431
-40.4806169623
4.04945783176
-40.4563018178
4.13947153276
-40.4305767416
4.22958877654
-40.4034066095
4.31973364744
-40.3747524776
4.40987798113
-40.3445768375
4.50002775761
-40.3128524667
4.59020303192
-40.2795939004
4.68040463327
-40.2448514129
4.77059549466
-40.2086876472
4.86073162323
-40.1711678266
4.95076269766
-40.1323571677
5.04063338833
-40.0923160958
5.13028278781
-40.0510968939
5.21963982246
-40.0087407575
5.30862872725
-39.9652760645
5.39717691748
-39.9207187912
5.48522181647
-39.8750812922
5.57271800698
-39.8283756456
5.65963336789
-39.7806092319
5.74593594162
-39.7317846929
5.83159281316
-39.6818964512
5.91656871732
-39.6309191425
6.00081945549
-39.5788356217
6.08430986381
-39.5256761364
6.16703015918
-39.4715049007
6.24900690177
-39.4163940514
6.33028399656
-39.3603878152
6.41091271691
-39.3035310899
6.49094636801
-39.245880461
6.5703984035
-39.1875022238
6.6492511779
-39.1284680333
6.72747866357
-39.0688234273
6.80508304016
-39.0085892398
6.8821086396
-38.9477758718
6.95860293314
-38.8863952643
7.03460834705
-38.824455509
7.11015358134
-38.7619577938
7.18524375984
-38.6988994439
7.25986197722
-38.6352756101
7.33397630702
-38.5710793043
7.40755068735
-38.5063006217
7.48054893564
-38.4409314502
7.55292979684
-38.3749655361
7.62464023117
-38.3084027529
7.69562136208
-38.2412535748
7.7658185661
-38.1735463527
7.83520238966
-38.1053433209
7.90378399505
-38.0367293146
7.97159714283
-37.9677927224
8.0386727855
-37.8986063595
8.10501516072
-37.8292184981
8.17060880244
-37.7596683518
8.23542622746
-37.6899912265
8.29940199165
-37.6202134632
8.3624530095
-37.5503455544
8.42450430891
-37.4803745087
8.48550834138
-37.4102566494
8.54546391755
-37.3399230626
8.60438561853
-37.2692961256
8.66229361584
-37.1983060935
8.71920548902
-37.1269069225
8.77512934033
-37.0550728742
8.83008174221
-36.9827916787
8.88408943061
-36.9100588613
8.9371784417
-36.83686911
8.98936354198
-36.7632192681
9.04067455165
-36.6891090653
9.09115714133
-36.6145401544
9.14085968033
-36.5395107692
9.18980807344
-36.464015044
9.23800408068
-36.3880567306
9.28543077304
-36.3116347296
9.33205255654
-36.234717203
9.377824345
-36.1572314015
9.42270245557
-36.0790801593
9.46665257286
-36.0001714681
9.50965077143
-35.9204134001
9.5516817019
-35.8397352243
9.59276652312
-35.7580930871
9.63296444493
-35.6754637967
9.67234957476
-35.5918466989
9.71096989869
-35.50726677
9.7488126854
-35.4217664055
9.7858231335
-35.3353996206
9.82193079685
-35.2482236789
9.85707738316
-35.1602845344
9.89122946583
-35.0716143664
9.92436904848
-34.9822320361
9.95648772148
-34.8921414227
9.98759180338
-34.8013253935
10.0177554282
-34.7097490466
10.0470436101
-34.6173696352
10.075451781
-34.5241317915
10.1029733172
-34.429973702
10.129642099
-34.334833712
10.1555199817
-34.2386396762
10.1807071441
-34.1413181203
10.2053659792
-34.0428277521
10.2296149452
-33.9431749271
10.2535217841
-33.8423987597
10.2771460413
-33.7405432529
10.3005288182
-33.6376638581
10.3236939151
-33.5338037107
10.3466546268
-33.4289887574
10.3694008066
-33.3232359458
10.3919041328
-33.2165616009
10.4141272764
-33.1089922041
10.4360373465
-33.0005556329
10.4576296894
-32.8912610473
10.4789252604
-32.7810694771
10.4999637509
-32.6699120565
10.5207887132
-32.5577287943
10.5414388747
-32.4444963181
10.5619496131
-32.3302214441
10.5823500171
-32.2149386958
10.6025804772
-32.098692156
10.6225425978
-31.9815299125
10.6421879319
-31.8635197577
10.6615025807
-31.7447506942
10.6804873964
-31.6253240579
10.6991423791
-31.5053463752
10.7174367815
-31.3849398543
10.7352818333
-31.2642317866
10.7526321356
-31.1433388219
10.7694876882
-31.022353397
10.785849539
-30.9013438179
10.8017340925
-30.7803159383
10.817172388
-30.6592176432
10.8321836141
-30.5379758314
10.846766862
-30.416521042
10.8609021725
-30.2947812799
10.8745290242
-30.17268398
10.8876017137
-30.0501690793
10.9001026453
-29.927200761
10.9119982911
-29.8037845007
10.9232482468
-29.679942008
10.9338385364
-29.5556665042
10.94376916
-29.4309324734
10.9530328159
-29.3057499442
10.9615642175
-29.1801565938
10.9693185308
-29.0541922816
10.9763333345
-28.9278720196
10.9826625915
-28.8011657216
10.9883321143
-28.6740414284
10.993341971
-28.5465094398
10.9976614145
-28.4185954782
11.0012016742
-28.2903097278
11.0039173513
-28.1616397839
11.0058084459
-28.0325593051
11.0068749578
-27.9030389845
11.0071168871
-27.7730541992
11.0065342339
-27.6426212442
11.0051272331
-27.511796417
11.0029163221
-27.3806496415
10.9999365781
-27.2492499061
10.9962019068
-27.1176591937
10.9917512799
-26.985925368
10.9866196704
-26.8540720702
10.980809123
-26.7221260539
10.9743220982
-26.5901385834
10.9671667388
-26.4581860713
10.9593517132
-26.3263487862
10.9508770216
-26.1946848411
10.9417499655
-26.0631945924
10.9320315248
-25.9318550322
10.9217464798
-25.8006522822
10.9108447542
-25.6695967878
10.8992846907
-25.5387338917
10.8870649612
-25.4080969467
10.8741855656
-25.2776620415
10.8606772511
-25.1473754155
10.8466287882
-25.0171760832
10.8320855757
-24.8870013496
10.8170476136
-24.7567993937
10.801514902
-24.6265363242
10.7854874409
-24.4962071975
10.7689652301
-24.3658426015
10.7519482698
-24.2354966221
10.73443656
-24.1052324075
10.7164211894
-23.9751146364
10.6979284187
-23.8452068206
10.6789974202
-23.7155578544
10.6596567588
-23.5862018268
10.6399845569
-23.4571285981
10.6200883324
-23.3282931118
10.600021884
-23.1996743822
10.5797811661
-23.0712812227
10.5592844061
-22.9430969051
10.5384604194
-22.8150656955
10.517311431
-22.687109339
10.4958868869
-22.5591953654
10.4742544407
-22.4313732788
10.452419066
-22.3036972916
10.4303000048
-22.1761562131
10.4078511131
-22.0486925049
10.3850723884
-21.9212367708
10.3619638306
-21.7937429827
10.3385212572
-21.6661998959
10.3147090702
-21.5386145758
10.2904715786
-21.4109896585
10.2657528648
-21.2832924615
10.2405094419
-21.1554491566
10.2146998337
-21.027367549
10.1882903681
-20.898961028
10.1612991026
-20.7701653175
10.1337622504
-20.6409428268
10.1057159837
-20.5113069611
10.0772034731
-20.3813194098
10.0482229595
-20.2510694584
10.0187275535
-20.1206373476
9.98867149129
-19.9900513944
9.95802701763
-19.8593167717
9.92683665201
-19.7284639639
9.89512999775
-19.5975528481
9.86289498189
-19.4666502062
9.83014233101
-19.3357711804
9.79689360233
-19.2048476527
9.76318680789
-19.0738053722
9.72910403385
-18.942638084
9.69469142426
-18.8113950352
9.65994898164
-18.6801510422
9.62487188058
-18.5489709103
9.58942797222
-18.4178997263
9.55359705347
-18.2869773526
9.51737897099
-18.1562550001
9.48078596883
-18.025800128
9.44382015579
-17.8956787977
9.40648075704
-17.7659263182
9.36878016892
-17.6365351769
9.33073155635
-17.5074527104
9.29234409556
-17.3786035615
9.25365442833
-17.2498888303
9.21468836718
-17.1212162981
9.17542727939
-16.9925313648
9.13587047726
-16.863809181
9.09605910177
-16.7350516881
9.0560989915
-16.6062923007
9.01606231793
-16.4776064038
8.97594214695
-16.3490997087
8.93570177314
-16.2208566493
8.89528417745
-16.0929138748
8.85465444917
-15.9652925253
8.81384340803
-15.8380295593
8.77285035826
-15.7111880725
8.73162205816
-15.5848293545
8.69010730447
-15.4589788072
8.64827972155
-15.3336228283
8.60620324299
-15.2087231505
8.56398936098
-15.0842306786
8.52174983728
-14.9601095291
8.47957183246
-14.836351579
8.43753820079
-14.712981443
8.39572856556
-14.5900500094
8.35417509804
-14.4676158048
8.31285548607
-14.3457404153
8.27172974581
-14.2244754973
8.23074454344
-14.1038637434
8.18985941125
-13.9839210582
8.14907275879
-13.8646229471
8.10837899476
-13.7459274699
8.06775828196
-13.6277736874
8.02712524042
-13.5100823283
7.98643679684
-13.3927499922
7.94575755882
-13.2756517529
7.90515728254
-13.1586894642
7.86466703021
-13.0418244925
7.82426174154
-12.9250582869
7.78386112283
-12.808396669
7.74339680257
-12.6918224042
7.70283922299
-12.5753092849
7.66216165907
-12.4588489923
7.6213627133
-12.3424571587
7.58042299405
-12.2261699951
7.53930457944
-12.1100205341
7.49796150537
-11.994010347
7.45635778727
-11.8781018992
7.41445618791
-11.7622181531
7.37222677849
-11.6462817432
7.32968153689
-11.5302521887
7.28685250038
-11.4141336526
7.2437293019
-11.2979626999
7.2002300486
-11.1817926852
7.15625835042
-11.0656784983
7.11173076905
-10.9496698009
7.06659798807
-10.833808785
7.0208453495
-10.7181358599
6.97449669229
-10.6026859938
6.92758479889
-10.4874884431
6.88011452484
-10.3725828801
6.8320770464
-10.2580126234
6.78349457712
-10.1438055122
6.73441088145
-10.0299577078
6.68487984202
-9.91644226553
6.63499053916
-9.8032221803
6.58484980164
-9.69026556537
6.53454721418
-9.57755791401
6.48410093696
-9.46510513782
6.43347946365
-9.35292234728
6.38263871393
-9.24103561247
6.33153719794
-9.12948359123
6.28012532038
-9.01831267518
6.22835061097
-8.90759018006
6.1761788198
-8.79738751117
6.12357852989
-8.68776007003
6.07052488804
-8.57873315558
6.01703924732
-8.470307122
5.96321399592
-8.36246903902
5.90916009456
-8.25521181418
5.85498422827
-8.14855193581
5.80077076603
-8.04253321081
5.74658349854
-7.93721340523
5.69245379236
-7.83265347269
5.63838665072
-7.72891881373
5.58437525382
-7.62606577852
5.53041408588
-7.52413148002
5.47649331435
-7.42313034129
5.42260753694
-7.32306424569
5.36876834933
-7.22393149441
5.31498666294
-7.1257342183
5.26127258384
-7.02848043391
5.20764142085
-6.93217982255
5.15412296565
-6.83682887759
5.10075271017
-6.74241653976
5.04756833304
-6.64893332505
4.99461516015
-6.55638515821
4.94195421675
-6.46481760514
4.88965260846
-6.37429908536
4.83775601098
-6.28489284224
4.78629473915
-6.19663354044
4.73529979853
-6.10953864369
4.68482741913
-6.02362010985
4.63493484011
-5.93888283563
4.58565945567
-5.85532360274
4.53700103558
-5.77292404756
4.48893392675
-5.6916504659
4.44141501212
-5.6114626253
4.39439762995
-5.53232212812
4.34784704582
-5.45418877734
4.3017475093
-5.37703043022
4.25609632403
-5.3008341182
4.21089396425
-5.22561112328
4.16613168843
-5.15138896937
4.12177489031
-5.07820525641
4.07777103066
-5.00609889496
4.03406495331
-4.93509991746
3.99061374511
-4.86522344315
3.94739469878
-4.79647572844
3.90439627946
-4.72884935732
3.86161617305
-4.66231958358
3.81906172092
-4.5968405403
3.77674472806
-4.53233021147
3.73468038736
-4.46868790635
3.69288094883
-4.40582116186
3.65134693123
-4.34366768988
3.61005681193
-4.28218169019
3.56894822362
-4.22132240462
3.52794003469
-4.16105026525
3.48695772313
-4.10132467085
3.4459547193
-4.04210843103
3.40490177721
-3.98336697314
3.36377973952
-3.92506530299
3.32257678559
-3.86716373559
3.28128212956
-3.80961893694
3.23988476168
-3.75238869487
3.19838029216
-3.69543480073
3.15677581548
-3.63872566451
3.1150904474
-3.58223771931
3.07335521668
-3.52594918994
3.03160675506
-3.46983925098
2.98988015718
-3.41388428384
2.94820032746
-3.35806160515
2.90658019206
-3.30235524155
2.86502330504
-3.246757652
2.82352392727
-3.19126781018
2.78206379592
-3.13588816446
2.74061505091
-3.08062297121
2.69914696728
-3.02547662818
2.65763268759
-2.97045120486
2.61605472729
-2.9155444356
2.57440779381
-2.86075079095
2.53270190094
-2.80606597126
2.49095650644
-2.75148816157
2.4491969371
-2.69701839351
2.40745220182
-2.64266090714
2.36575280456
-2.58842351282
2.32412855734
-2.53431834534
2.28260700063
-2.48036384784
2.24121537358
-2.42658133019
2.19998034001
-2.37298965219
2.15892598282
-2.31960517016
2.11807328537
-2.26644187356
2.07743866716
-2.21351175533
2.03703372341
-2.16082520401
1.99686509474
-2.10839147283
1.95693437116
-2.05622414309
1.91724092332
-2.00434131633
1.87778292604
-1.95276312801
1.83855718765
-1.90151092775
1.7995603638
-1.85060645971
1.76079017133
-1.80007104285
1.72224660217
-1.74992475126
1.68393313718
-1.70018548919
1.64585756519
-1.65086957613
1.60803183823
-1.60199372116
1.57047249114
-1.55357546372
1.53319949927
-1.50563320358
1.49623471971
-1.45818589979
1.45960000154
-1.41125357416
1.42331610058
-1.36485783427
1.38740161374
-1.31902278868
1.35187252058
-1.27377719198
1.31674527487
-1.22915243704
1.28203622457
-1.18517997929
1.24775754141
-1.14188955344
1.21391378278
-1.09930774815
1.1805030906
-1.05745673169
1.14751970262
-1.01635274398
1.11495525982
-0.976004643789
1.08280001804
-0.936417134756
1.05104635238
-0.897593138722
1.01969183876
-0.859532521664
0.98873740458
-0.822232982272
0.958186379012
-0.785691129914
0.928043730942
-0.749903562602
0.898315306931
-0.714867944962
0.869007069172
-0.680584086196
0.840124333439
-0.647055094019
0.811671350299
-0.614287383411
0.78365183934
-0.5822897079
0.756069467797
-0.551072135222
0.728928278237
-0.520644119075
0.702232205633
-0.491013762069
0.675985774437
-0.462186738333
0.650194454223
-0.434165196606
0.624864995831
-0.406946271093
0.600005160155
-0.380519362516
0.575619897049
-0.354867571966
0.551711195758
-0.329969829615
0.528278786708
-0.305803088696
0.50532127719
-0.282344670338
0.482838585204
-0.259574374616
0.460833169321
-0.237476569877
0.439311128518
-0.216042205032
0.418283267654
-0.195266143147
0.397763870305
-0.175144677828
0.377768936282
-0.155675166596
0.35831525063
-0.136855664256
0.339419452631
-0.118684556282
0.321097104803
-0.101160192186
0.303361761907
-0.0842805188946
0.286224039941
-0.0680427141286
0.269690685149
-0.0524428490694
0.253763694586
-0.0374758839017
0.238440279629
-0.0231356011158
0.223713211068
-0.00941498658869
0.209571618638
0.00369174026552
0.196003446295
0.0161887610748
0.182996253983
0.0280787767757
0.17053753678
0.0393631258804
0.15861504405
0.0500419027425
0.147217098586
0.0601140758242
0.136332915762
0.0695776059626
0.125952922675
0.0784295646362
0.1160690773
0.0866663175032
0.106674753736
0.0942838587922
0.0977633293132
0.10127791191
0.0893279756599
0.10764400833
0.081361579817
0.113553177392
0.0737905887824
0.11897875735
0.06663734753
0.123896832659
0.0599208716236
0.128288757791
0.0536541754706
0.132144329396
0.0478409094018
0.135465697938
0.0424712006939
0.138263116567
0.0375256450068
0.140545382893
0.0329847948733
0.142319251007
0.0288297653887
0.143589426719
0.0250422580367
0.144358562794
0.0216045845141
0.14462725419
0.0184996905556
0.144394447422
0.0157107656238
0.143658180966
0.0132205215746
0.142415521103
0.0110112758697
0.140662478267
0.00906505428921
0.138393923397
0.00736369364328
0.135603504281
0.0058889444844
0.132283561911
0.00462257381939
0.128425046826
0.00354646782148
0.124017435466
0.00264273454239
0.119048646517
0.00189380662438
0.11350495726
0.00128254401232
0.107370919924
0.000792336665764
0.103408275221
0.000193467956926
0.09851545372
1.47309434801e-05
0.0928669670763
-7.1054273576e-15
0.0865216542931
-7.1054273576e-15
0.0794009615445
-7.1054273576e-15
0.071411490339
-7.1054273576e-15
0.0624598421855
-7.1054273576e-15
0.0524526185926
-7.1054273576e-15
0.0412964210689
-7.1054273576e-15
0.0288978511231
-3.5527136788e-15
0.0151635102639
0
0
0
