2
1000
2.81900414499
30.3042945586
2.84869152199
30.3575956325
2.8787847436
30.4104537029
2.90761054909
30.4616137841
2.93349887476
30.5098228131
2.95535494809
30.5541854172
2.97351486065
30.5947486195
2.98870368075
30.6319053468
3.00155578579
30.6660750599
3.01256246039
30.6976433636
3.0220949744
30.7269572374
3.03043439932
30.7543314608
3.0377957147
30.7800559419
3.05026201007
30.8122250726
3.06181718311
30.8432041111
3.07239942745
30.8729555396
3.0819799168
30.901467411
3.09056314638
30.9287536469
3.09818727445
30.9548543342
3.1049244638
30.9798360236
3.11088122316
31.003792026
3.11619759783
31.0268420185
3.12100576222
31.0491066796
3.12539761495
31.0706859112
3.12943840991
31.0916650213
3.133176343
31.1121193077
3.1366470289
31.1321184347
3.1398737057
31.1517315068
3.14287040981
31.1710279148
3.14564416929
31.1900774097
3.14819383441
31.2089481934
3.15051081799
31.2277061506
3.15258024378
31.2464143543
3.15438192461
31.2651324921
3.15589121787
31.283916236
3.15707979092
31.3028165702
3.15791631958
31.3218790884
3.15836713592
31.3411432664
3.15818433605
31.3603251028
3.15734939568
31.3794754781
3.15584463631
31.3986410467
3.15365333424
31.4178631206
3.15075982953
31.4371765543
3.14714963504
31.4566086291
3.14280940651
31.4761785937
3.13772548074
31.4959029191
3.13188287328
31.5157964118
3.12526454233
31.535871874
3.11785065261
31.5561397656
3.1096178392
31.5766078649
3.10053847145
31.5972809303
3.09058160262
31.6181589802
3.07971618446
31.6392339471
3.06791008113
31.6604899876
3.05512928196
31.6819042019
3.0413399624
31.7034490979
3.02650828757
31.7250937536
3.01059536486
31.7468127109
2.99354581698
31.7686090078
2.9752918517
31.7905092868
2.95575843641
31.8125568391
2.93486847265
31.8348046488
2.91254797074
31.8573084364
2.88873122433
31.8801197034
2.86336598494
31.9032787758
2.8364186366
31.9268078486
2.80786969119
31.9507193772
2.77770438514
31.9750303035
2.7459113746
31.9997624231
2.71248157208
32.0249420947
2.67740841495
32.0505942324
2.64068767447
32.0767404422
2.60231699854
32.1033986102
2.56229545456
32.1305824889
2.52062307225
32.1583012855
2.47730207228
32.1865578683
2.43234035972
32.2153453465
2.38575081702
32.2446473062
2.33755087336
32.2744387792
2.28776523585
32.3046908693
2.23642615822
32.3353723621
2.18357304653
32.3664505433
2.12925626717
32.3978838989
2.07354733432
32.4296006786
2.01653360085
32.4615053816
1.95831184428
32.493487308
1.89898185276
32.5254291092
1.83864001112
32.5572153389
1.77737288679
32.5887410039
1.71524920031
32.6199255765
1.6523118002
32.650728747
1.58858263089
32.6811408789
1.52407264119
32.7111674971
1.45878373294
32.7408269778
1.39271213932
32.7701425274
1.32585134343
32.799138304
1.25819473083
32.8278369911
1.18973824202
32.8562573699
1.12048302497
32.8844118929
1.05043797848
32.9123047332
0.979617754313
32.9399421508
0.908038626099
32.9673400779
0.835719374639
32.9945239239
0.762681896879
33.0215276493
0.688948653049
33.0483891793
0.614542576278
33.0751488359
0.539491847559
33.1018404442
0.463841050165
33.1284682998
0.38764686904
33.1550123405
0.310974723227
33.1814477582
0.233894583883
33.2077552251
0.156475673787
33.2339228979
0.0787811668549
33.2599484214
0.000862887653639
33.2858409332
-0.0772423735636
33.3116176062
-0.155506871101
33.3372831026
-0.233904329117
33.3628131451
-0.312410660333
33.3881530474
-0.391006526502
33.4132331926
-0.469678216491
33.4379831028
-0.548416987757
33.4623361833
-0.627218141696
33.4862330163
-0.706080098978
33.5096246541
-0.785003474898
33.5324759128
-0.863990037688
33.5547682426
-0.943037953788
33.5765027224
-1.02214070395
33.5977014457
-1.101289311
33.618402621
-1.18047772942
33.6386520128
-1.25970577239
33.6584974013
-1.33898137592
33.677983832
-1.41832706522
33.697156984
-1.49779280057
33.7160806753
-1.57745352699
33.7348262345
-1.65743077633
33.7534606116
-1.73788893557
33.7720437891
-1.81900593201
33.7906260016
-1.9009439184
33.8092449549
-1.98381834256
33.8279175833
-2.0676780563
33.8466300672
-2.15253478361
33.8653531483
-2.23837854217
33.8840634107
-2.32518266376
33.902749736
-2.41290711181
33.9214034655
-2.50150491338
33.9400156866
-2.59092966805
33.9585797018
-2.68113888446
33.9770934966
-2.77209475017
33.9955622079
-2.86376823571
34.0140001157
-2.9561403535
34.0324216455
-3.04920440592
34.0508257182
-3.14296551002
34.0691902405
-3.23743762664
34.0874770039
-3.3326356601
34.1056402436
-3.42857104631
34.1236321799
-3.5252502823
34.1414077669
-3.62267345575
34.1589294428
-3.72083281606
34.1761715998
-3.81971322451
34.1931126076
-3.91926867066
34.2097230444
-4.01941962249
34.2259622337
-4.12007403402
34.2417831973
-4.2211534866
34.2571376061
-4.32262102992
34.2719861937
-4.42449798372
34.2863109108
-4.52684760198
34.3001171281
-4.62978813882
34.313434738
-4.73346352816
34.3263029677
-4.83801264393
34.3387623167
-4.94354006098
34.3508524904
-5.05012163938
34.3626577998
-5.15781836629
34.3743000485
-5.26667721678
34.3858900421
-5.37672868847
34.3974795207
-5.48799030704
34.4090577249
-5.60047173187
34.4205971698
-5.71417657306
34.4320588558
-5.8291041928
34.4433970182
-5.94525327445
34.454563877
-6.06262436552
34.4655143866
-6.18122014247
34.4762109852
-6.30104559734
34.4866283445
-6.42210299547
34.4967583302
-6.54435727841
34.506614158
-6.66772671197
34.5162252499
-6.79210168468
34.5256322822
-6.91736464814
34.5348822334
-7.04341092079
34.5440234324
-7.17016124794
34.5531006067
-7.29753761588
34.5621499307
-7.42545151072
34.5711940732
-7.5537838704
34.5802382157
-7.6824095723
34.5892823582
-7.81122437743
34.5983265007
-7.94017059114
34.6073698286
-8.06922245168
34.6163624323
-8.19836902879
34.6252095393
-8.32760922665
34.6338171235
-8.45694677661
34.6421375692
-8.5863821119
34.6501816359
-8.71590424528
34.6579768083
-8.84549651292
34.6655620862
-8.9751403136
34.6729832342
-9.10481651879
34.6802880323
-9.23450460441
34.6875215261
-9.36418178255
34.6947212775
-9.49382221113
34.7019126146
-9.62340135831
34.7091039517
-9.75292442608
34.7162952888
-9.88243264698
34.7234866259
-10.0119876759
34.730677963
-10.1416505136
34.7378693001
-10.2714543487
34.7450606372
-10.4013855597
34.7522519743
-10.5313949198
34.7594433114
-10.6613767835
34.7666346485
-10.7911895665
34.7738259856
-10.9206854368
34.7810173227
-11.0497385832
34.7882078452
-11.1782384421
34.7953476436
-11.3060842881
34.8023419451
-11.4331937772
34.8090967239
-11.5595222762
34.8155274162
-11.6850731125
34.8215376121
-11.8098848947
34.8270258523
-11.9340174217
34.831939309
-12.0575398591
34.8362774587
-12.1805322769
34.8400403015
-12.3030732545
34.8432278373
-12.4252296118
34.8458400661
-12.5470462195
34.847876988
-12.6685408371
34.8493386029
-12.7897056813
34.8502193438
-12.9105212792
34.8504974754
-13.0309683275
34.850137958
-13.1510365622
34.8490957896
-13.2707327656
34.8473193487
-13.3900859813
34.8447537365
-13.5091531096
34.8413441201
-13.6280352071
34.8370289549
-13.746905487
34.8317196852
-13.8659664545
34.8253274009
-13.9853949392
34.8177932056
-14.1052908513
34.8091092109
-14.2256978527
34.7993253264
-14.3466268559
34.7885363249
-14.4680615906
34.7768362321
-14.5899568271
34.7643096118
-14.7122456818
34.7510528741
-14.8348683743
34.7371674782
-14.9577876834
34.7227062518
-15.080985205
34.7076697183
-15.2044461702
34.692057878
-15.3281605253
34.6758707306
-15.4521241631
34.6591082763
-15.5763400759
34.641770515
-15.700816332
34.6238467656
-15.8255702578
34.605294352
-15.9506252374
34.5860570363
-16.0760052861
34.5660722409
-16.2017300528
34.5452777915
-16.3278158202
34.5236186608
-16.4542793787
34.5010537106
-16.5811488509
34.4775507632
-16.708474698
34.4530700122
-16.8362950945
34.427612156
-16.9646205557
34.4012241613
-17.0934402508
34.3739645032
-17.2227609913
34.3458418846
-17.3525997454
34.3168563056
-17.4829772445
34.2870077661
-17.6139066322
34.2563331606
-17.7453889334
34.2249284376
-17.8774416301
34.1928809778
-18.0101418995
34.1601733987
-18.1435686593
34.1267089229
-18.2777299036
34.092399322
-18.4125368226
34.0571875958
-18.5478700629
34.0210271219
-18.6836106936
33.983876412
-18.8196678706
33.9456953724
-18.9560023494
33.9064578127
-19.0926283559
33.8661851882
-19.229623852
33.8249276765
-19.367167883
33.7827324147
-19.5054684463
33.7396617583
-19.6446734712
33.6958191338
-19.7848141761
33.6513513156
-19.9258425074
33.6064068596
-20.067619055
33.5611756721
-20.2099702453
33.5158345205
-20.3527555575
33.4704842448
-20.495912391
33.4251339691
-20.6394369834
33.379780344
-20.7833681213
33.3343834103
-20.9277688864
33.2888679683
-21.0727162846
33.2430991953
-21.2182840526
33.1968729967
-21.3644921031
33.1499961399
-21.5112443687
33.1023949607
-21.6583903914
33.0541018686
-21.8058179125
33.0051554252
-21.9534980679
32.9555678165
-22.1014349842
32.9053447641
-22.2496506691
32.8544898291
-22.398171385
32.8030178933
-22.5470068774
32.7509792731
-22.6961371553
32.698444092
-22.8454871599
32.6455054274
-22.9948771902
32.5922923032
-23.1440850985
32.5389299502
-23.2929253776
32.4854924722
-23.4412885404
32.4319907607
-23.5890771667
32.3784377048
-23.736233484
32.3248028438
-23.8827481248
32.2710052937
-24.0286481977
32.2169471971
-24.1739535272
32.1625703519
-24.318670749
32.1078055436
-24.4627896382
32.0526011533
-24.6062811343
31.9969277795
-24.7490948264
31.9407717173
-24.8911409913
31.8841425166
-25.0322598353
31.8271085147
-25.1722896749
31.7697612748
-25.3111344513
31.7121735405
-25.4487900735
31.6543950179
-25.5852828951
31.5964767781
-25.7206488503
31.538468009
-25.8549142271
31.4804188191
-25.9880782606
31.4223723598
-26.1201051709
31.3643407496
-26.2509072383
31.3063201916
-26.3803050795
31.2483153785
-26.5080964822
31.1903146148
-26.6341398346
31.1322600561
-26.7584052573
31.0740405294
-26.880926881
31.0155345079
-27.0018012821
30.9565947341
-27.1211444138
30.8970815905
-27.2390450465
30.836901057
-27.35553704
30.7760058569
-27.4706074694
30.7143665851
-27.5842036499
30.6520217227
-27.6962515792
30.5890728336
-27.8066769947
30.5256610264
-27.9154226177
30.4619474657
-28.0224807657
30.3980799049
-28.1279390201
30.3341312438
-28.2319251176
30.2701098191
-28.3345335845
30.206000667
-28.4357834963
30.1417906809
-28.5356682734
30.0774541095
-28.6341682657
30.0129567992
-28.7312605543
29.948254893
-28.8269307683
29.8832945857
-28.9211863945
29.818011976
-29.0140826714
29.7523253543
-29.1057726342
29.6861181249
-29.196445387
29.6192744593
-29.2862474859
29.5517225442
-29.3752367814
29.4834552836
-29.4634465541
29.4144898272
-29.5508984886
29.3448615396
-29.6376072638
29.2746195545
-29.723585144
29.2038223279
-29.8088459444
29.1325365344
-29.8934079923
29.06084091
-29.9772927933
28.9887831843
-30.0605171569
28.9163732046
-30.1430896114
28.8435880473
-30.2250129002
28.7703798108
-30.3062844105
28.6966877064
-30.3868966034
28.6224501492
-30.4668376914
28.5476162111
-30.5461016627
28.472133254
-30.6246941816
28.3959489476
-30.702633912
28.31902436
-30.7799588051
28.2413302394
-30.8567239135
28.162845325
-30.9329952963
28.0835550809
-31.0088424325
28.0034503358
-31.0843281982
27.9225289963
-31.1594997644
27.8407970214
-31.2343817887
27.7582666849
-31.3089724236
27.6749577878
-31.3832485924
27.5909061272
-31.4571656175
27.506156972
-31.5306636679
27.4207587118
-31.6036777371
27.3347573728
-31.6761476215
27.2481911339
-31.7480285233
27.1610814993
-31.8193022018
27.0734161659
-31.8899847783
26.9851484282
-31.960125436
26.8962091248
-32.0297971026
26.8065245221
-32.0990849413
26.7160273685
-32.1680769884
26.6246635491
-32.2368547903
26.5323987424
-32.3054840413
26.4392250755
-32.3740063452
26.3451671773
-32.4424501954
26.2502667051
-32.5108338196
26.1545668307
-32.5791590937
26.0581153222
-32.6474130577
25.9609640324
-32.7155698368
25.8631668029
-32.7835925632
25.7647773682
-32.8514352971
25.6658472608
-32.9190472415
25.5664243309
-32.98638777
25.466554014
-33.0534294899
25.3662749711
-33.1201460752
25.2656063143
-33.1865085637
25.1645513042
-33.2524852932
25.0631038734
-33.3180418396
24.96125515
-33.3831409531
24.8589999814
-33.4477424958
24.7563434576
-33.5118056753
24.6533080149
-33.5752999895
24.5499437731
-33.6382047993
24.4463301919
-33.7005057972
24.3425693004
-33.7621935426
24.2387746288
-33.823261997
24.1350601394
-33.8837070593
24.0315291582
-33.9435251012
23.9282633063
-34.0027126391
23.8253101969
-34.0612555819
23.7226801733
-34.119120408
23.6203572904
-34.1762585944
23.518306359
-34.2326149558
23.4164795659
-34.2881374705
23.3148231953
-34.3427871062
23.2132843505
-34.3965477425
23.1118175978
-34.449442105
23.0103825229
-34.5015241705
22.9089388223
-34.5528635884
22.8074461663
-34.6035397146
22.7058702605
-34.6536290831
22.6041870903
-34.7031898992
22.5023862111
-34.7522708789
22.4004695542
-34.8009153519
22.298449269
-34.8491544652
22.1963470158
-34.896994357
22.0941967608
-34.9443993068
21.9920399576
-34.9913002012
21.8899137381
-35.0376076534
21.7878464004
-35.083222978
21.6858572934
-35.1280491644
21.5839567015
-35.1720018516
21.4821458168
-35.2150191847
21.3804210545
-35.2570536124
21.2787881979
-35.2980675667
21.1772727758
-35.3380415902
21.0759117761
-35.3769731882
20.9747475074
-35.4148737878
20.8738229425
-35.4517656975
20.7731770621
-35.487679066
20.67284005
-35.5226464525
20.5728210634
-35.5566782781
20.4731089518
-35.5897599789
20.3736807858
-35.6218679823
20.2745087618
-35.652981872
20.1755620305
-35.6830961877
20.0768082097
-35.7122316736
19.9782149856
-35.7404221783
19.8797560667
-35.7677062934
19.7814087652
-35.7941275824
19.6831485526
-35.8197285573
19.5849408492
-35.844552278
19.4867406497
-35.8686409746
19.3884978944
-35.8920346696
19.2901628397
-35.9147698003
19.1916914288
-35.9368778414
19.0930506626
-35.9583839266
18.9942238837
-35.9793043352
18.8952135564
-35.9996536137
18.7960394112
-36.0194464702
18.6967341305
-36.0386948875
18.5973402308
-36.0574052375
18.4979069448
-36.0755753946
18.3984871032
-36.09319185
18.2991340164
-36.1102267297
18.199898582
-36.1266287998
18.1008423395
-36.1423351047
18.0020422903
-36.1572819329
17.9035823581
-36.1714140907
17.8055451321
-36.1846941764
17.7080036107
-36.1971113017
17.611013033
-36.2086654665
17.5146071935
-36.2193566708
17.4187958522
-36.2291849147
17.3235701598
-36.2381525059
17.2289113466
-36.246276342
17.1347957013
-36.2535867084
17.0411955658
-36.2601236898
16.9480797662
-36.2659335836
16.8554140434
-36.2710653117
16.7631614838
-36.275566833
16.6712828632
-36.2794815563
16.5797332172
-36.2828470061
16.4884581681
-36.285699658
16.397390255
-36.2880757387
16.306452093
-36.2900116832
16.215560634
-36.2915445919
16.1246314269
-36.2927126874
16.0335828791
-36.2935557721
15.9423406642
-36.2941157803
15.8508489411
-36.2944456377
15.7590563641
-36.2946082999
15.6669079424
-36.2946674784
15.5743557913
-36.2946783667
15.4813691307
-36.2946783667
15.3879413251
-36.2946783667
15.2940806914
-36.2946783667
15.199797037
-36.2946783667
15.1050971754
-36.2946783667
15.0099827679
-36.2946783667
14.914442509
-36.2946783667
14.8184467162
-36.2946783667
14.7219330291
-36.2946783667
14.6248059191
-36.2946783667
14.5269680352
-36.2946783667
14.4283519575
-36.2946680787
14.3289278727
-36.2946182285
14.228688588
-36.2944858578
14.127646641
-36.2942196451
14.0258273944
-36.293765229
13.9232624686
-36.2930705295
13.8199831752
-36.2920910706
13.7160139496
-36.2907894426
13.6113673833
-36.289129376
13.5060443019
-36.287075461
13.4000277465
-36.284592899
13.2932952358
-36.2816472557
13.185828629
-36.2782042128
13.0776096137
-36.2742293208
12.9686151927
-36.2696877512
12.8588161313
-36.2645456996
12.7481907077
-36.258773183
12.6367337969
-36.2523421778
12.5244547849
-36.2452245663
12.4113728125
-36.2373900824
12.2975183962
-36.2288042575
12.1829360331
-36.2194263669
12.067696684
-36.2092073752
11.9518964452
-36.1980712037
11.8356203419
-36.1858707129
11.7189036589
-36.1724440576
11.6017370837
-36.1576777437
11.4840996015
-36.1415556831
11.3659761758
-36.1241291969
11.2473573147
-36.1054526468
11.1282321058
-36.0855781126
11.0085960395
-36.0645500703
10.8884588321
-36.0424059299
10.7678506503
-36.0191819605
10.6468231409
-35.9949135721
10.52545921
-35.9696355633
10.4038737451
-35.9433814223
10.2822004759
-35.9161647927
10.1605674257
-35.8879756279
10.039079096
-35.8587847134
9.91781893687
-35.8285465386
9.79685257385
-35.7972007746
9.6762348843
-35.7646784103
9.55601830223
-35.7309080817
9.43626278608
-35.6958224
9.31704338101
-35.6593642812
9.19846667239
-35.6214932744
9.08067342873
-35.5821918906
8.96380940818
-35.5414872345
8.84799815003
-35.4994964434
8.73333662895
-35.456385559
8.61990398192
-35.4123082166
8.50775438826
-35.3673443169
8.39691143328
-35.3215177268
8.28738121377
-35.2748483543
8.17917126072
-35.2273451754
8.07229467446
-35.1790051785
7.96677238145
-35.1298200599
7.86262091552
-35.0797775672
7.75984414891
-35.0288620646
7.65842013039
-34.9770550971
7.55829546409
-34.9243369026
7.45939385565
-34.8707057583
7.36163682054
-34.8161826391
7.2649576594
-34.7608058572
7.16929598671
-34.7046243068
7.07459679566
-34.6476953692
6.98081123699
-34.5900811195
6.88789600391
-34.5318413928
6.79580764472
-34.4730336619
6.70449870114
-34.4137134219
6.61390422577
-34.3539345741
6.52394211018
-34.2937664894
6.43454829181
-34.2333377314
6.34571507341
-34.1727911731
6.25748898755
-34.1122269984
6.16993418449
-34.0516521732
6.08311023455
-33.9910094544
5.99707187119
-33.9302419883
5.91187534516
-33.8692988619
5.827569991
-33.8081406544
5.74418979362
-33.7467390718
5.66174683311
-33.6850688299
5.58023920514
-33.6231048901
5.49965499102
-33.5608220625
5.41996723668
-33.4981966684
5.3411287643
-33.4352250899
5.26308285798
-33.3719276319
5.18577017625
-33.3083440158
5.10913152134
-33.2445305231
5.0331097688
-33.1805585343
4.95764734404
-33.1165084081
4.88268258901
-33.0524650573
4.80814752283
-32.9885166673
4.73397067452
-32.924746601
4.6600780903
-32.8612247988
4.58639408461
-32.7979989365
4.51284072823
-32.7350697453
4.43933326748
-32.6723530684
4.36577914691
-32.609726906
4.29209043912
-32.5470849503
4.21819668385
-32.4843955412
4.14405784446
-32.4216811052
4.06965535937
-32.3589620049
3.99497658255
-32.2962594354
3.92001401145
-32.2335982635
3.84476479456
-32.1710075038
3.76923952012
-32.1085205022
3.69346629263
-32.0461758608
3.61749017141
-31.9840167422
3.54137703185
-31.9220884305
3.46521721445
-31.8604191101
3.38911315586
-31.7990153346
3.31317079305
-31.7378658628
3.23749511075
-31.6769454949
3.16218568895
-31.6162189091
3.08733225027
-31.555646386
3.01301157673
-31.4951926769
2.93928949851
-31.4348290574
2.86622105733
-31.3745351763
2.79385087904
-31.3143018797
2.72221562052
-31.2541321851
2.65134527727
-31.1940410989
2.58126508673
-31.1340434153
2.51199177283
-31.0741469129
2.44353612318
-31.0143530859
2.37590703048
-30.9546573878
2.30911199707
-30.8950482586
2.24315684557
-30.8355061515
2.1780454295
-30.7760025606
2.11377934393
-30.7164929629
2.05035075416
-30.6569155425
1.987728991
-30.5971988379
1.92586080703
-30.5372670599
1.8646796181
-30.4770443298
1.8041153781
-30.416459549
1.74410112097
-30.3554511618
1.68457964677
-30.2939719184
1.62551020777
-30.2319915977
1.56687218569
-30.1694885013
1.50865430394
-30.1064466089
1.45085525585
-30.0428522039
1.39348516352
-29.9786873556
1.33656196449
-29.9139302149
1.28010962391
-29.8485555166
1.22415613748
-29.782534346
1.16873072297
-29.7158365336
1.11386509075
-29.6484331092
1.05959284286
-29.5802991167
1.00594859321
-29.5114256743
0.952961280121
-29.4418188852
0.900649874738
-29.3714940493
0.849025145023
-29.3004710909
0.798092213601
-29.2287699873
0.747853115603
-29.1564061964
0.69830935652
-29.0833922269
0.649471072599
-29.0097357896
0.601363143258
-28.935368487
0.554022350084
-28.8600755242
0.507490110837
-28.7837704063
0.461804881485
-28.7064174185
0.41699841443
-28.6279945107
0.373092016737
-28.5484722807
0.330092808367
-28.4678020015
0.287992989227
-28.3859342047
0.246783571227
-28.3028194769
0.206456694345
-28.2184068637
0.16700574287
-28.1326422737
0.128425461642
-28.0454665827
0.0907116067763
-27.9568127617
0.0538585221177
-27.8666048663
0.0178495191397
-27.7747591689
-0.0174020268187
-27.6811897025
-0.0520201289389
-27.5858138244
-0.0861128127515
-27.4885472292
-0.11972185657
-27.3892978383
-0.152867718959
-27.2879714973
-0.185566509172
-27.1844799965
-0.217829253339
-27.0787490914
-0.249661160655
-26.970732665
-0.281054287009
-26.8604234717
-0.311983246609
-26.7478552504
-0.342409871639
-26.6331660167
-0.372287869568
-26.516659632
-0.401567402392
-26.3985178884
-0.430200045262
-26.2788634989
-0.458143889166
-26.1577826818
-0.485368643612
-26.0353336885
-0.51185773048
-25.9115595535
-0.537595912887
-25.7864758571
-0.562568340022
-25.6600692553
-0.586761791817
-25.5322710062
-0.610165923621
-25.4029569748
-0.632774510874
-25.2720001855
-0.654586228262
-25.139324484
-0.675603354606
-25.0049260348
-0.695824544147
-24.8688344146
-0.715189990821
-24.7311026453
-0.733615541772
-24.5917885126
-0.751041645018
-24.4509446108
-0.767475979062
-24.3086232941
-0.782945928205
-24.1648871072
-0.79748153349
-24.0198090637
-0.811116147903
-23.8734688406
-0.823887091573
-23.7259428328
-0.835842909527
-23.5772976239
-0.847047581456
-23.427652924
-0.857575783439
-23.2772419353
-0.867508147188
-23.1261218533
-0.876926519278
-22.9742738217
-0.885909220385
-22.8216682602
-0.894526304522
-22.6683129566
-0.902834818275
-22.5142651669
-0.910877068863
-22.3596062787
-0.918693357199
-22.2044388356
-0.926323294963
-22.0488859548
-0.933804921854
-21.8931167811
-0.94117382283
-21.7373454624
-0.948462245356
-21.5817778789
-0.95569821665
-21.4265281055
-0.962896325046
-21.2715879307
-0.970000463559
-21.1169178349
-0.976915722625
-20.9625049274
-0.98356103246
-20.8084045073
-0.989918688811
-20.654713765
-0.995988691678
-20.5015508151
-1.00177104106
-20.3490205132
-1.00726573696
-20.1971881027
-1.01247277937
-20.0460448924
-1.0173921683
-19.8954088763
-1.02202390375
-19.7451629504
-1.02636798571
-19.5952004906
-1.03042441419
-19.4452893785
-1.03419318918
-19.295363708
-1.03767431069
-19.1454320138
-1.04086777872
-18.9955204921
-1.04377359326
-18.8456334576
-1.04639175431
-18.6957550705
-1.04872226189
-18.5458862478
-1.05076511597
-18.3960517393
-1.05252031658
-18.2463317994
-1.0539878637
-18.0968673801
-1.05516775733
-17.9478130769
-1.05605999748
-17.7992899399
-1.05666458415
-17.6513984803
-1.05698985322
-17.5042664075
-1.05710885012
-17.3579920665
-1.05712655437
-17.2125378661
-1.05712655437
-17.0677412149
-1.05712655437
-16.923408856
-1.05712655437
-16.7793876808
-1.05712655437
-16.6355796396
-1.05712655437
-16.4919248164
-1.05712655437
-16.3484364284
-1.05712655437
-16.2053008856
-1.05712655437
-16.0626402515
-1.05712655437
-15.9205093309
-1.05712655437
-15.7789844962
-1.05712655437
-15.6381464091
-1.05712655437
-15.4980663897
-1.05712655437
-15.3587849428
-1.05712655437
-15.2203156314
-1.05712655437
-15.0826485135
-1.05712655437
-14.9457400284
-1.05712655437
-14.8095160174
-1.05712655437
-14.6738491156
-1.05712655437
-14.5385626222
-1.05712655437
-14.403485203
-1.05712655437
-14.268518736
-1.05712655437
-14.1336813126
-1.05712655437
-13.9990357132
-1.05712655437
-13.8646580114
-1.05712655437
-13.7306667509
-1.05712655437
-13.5972091152
-1.05712655437
-13.4644150176
-1.05712655437
-13.3323621462
-1.05712655437
-13.2010980287
-1.05712655437
-13.0707059836
-1.05712655437
-12.9413960798
-1.05712655437
-12.8132636686
-1.05712655437
-12.6862832147
-1.05712655437
-12.5603853914
-1.05712655437
-12.435456295
-1.05712655437
-12.3113672344
-1.05712655437
-12.1880005092
-1.05712655437
-12.0652816795
-1.05712490713
-11.9431688143
-1.05710755992
-11.8216302024
-1.05704851837
-11.7006413936
-1.05691277749
-11.5801826475
-1.05665925272
-11.4602363824
-1.05624371094
-11.3407846246
-1.05562170155
-11.2218078714
-1.05475148746
-11.1032709471
-1.05359697615
-10.9851055506
-1.05212488543
-10.867258042
-1.05029837814
-10.7497838638
-1.04807868966
-10.6328385215
-1.04542683319
-10.5165946354
-1.04230530505
-10.4011678365
-1.03867978993
-10.2866086871
-1.03452086622
-10.1729305186
-1.0298057113
-10.060085344
-1.02451980679
-9.94787490382
-1.01865859531
-9.83619608969
-1.01222207687
-9.7250503104
-1.00521025145
-9.61446530563
-0.997623119069
-9.50448477446
-0.989460679719
-9.39514857958
-0.9807229334
-9.2864819313
-0.971409880113
-9.17848752122
-0.961523167097
-9.07115533077
-0.95107684708
-8.96447665759
-0.940095823123
-8.85843881203
-0.928598952513
-8.75302613132
-0.916595717457
-8.64822330408
-0.904088265262
-8.54402010944
-0.891073448532
-8.44043326972
-0.87754486535
-8.33749772566
-0.863494899472
-8.23524491154
-0.848922525779
-8.13367259504
-0.833844646792
-8.03268307322
-0.818296988538
-7.93212812571
-0.80231853782
-7.83186850284
-0.78594679833
-7.73183379528
-0.769216085363
-7.63201745431
-0.752155820529
-7.53243589316
-0.734788826459
-7.4331276397
-0.717129621522
-7.33414730372
-0.699182763101
-7.23555374731
-0.680948251195
-7.13739899534
-0.662426085806
-7.03971208706
-0.643616266932
-6.94247652851
-0.624518794573
-6.84565441406
-0.605133668731
-6.74920628317
-0.585462536644
-6.65311973388
-0.565519451041
-6.55740787457
-0.545330406297
-6.46208943344
-0.524931498715
-6.36719230469
-0.504379960557
-6.27275037258
-0.483751627288
-6.17879802499
-0.463133035319
-6.08536325246
-0.442613519745
-5.99244363369
-0.422277312093
-5.90001098616
-0.40220140332
-5.80802576507
-0.38245693789
-5.71645414562
-0.363102615053
-5.62527389573
-0.344180460204
-5.53446468831
-0.325727977036
-5.44400666047
-0.307779480845
-5.35387856376
-0.290364393237
-5.26405591448
-0.273505536848
-5.17450914397
-0.257217430043
-5.08520155789
-0.241504630206
-4.99609051327
-0.226367137338
-4.90713320071
-0.211804951438
-4.8182939126
-0.197818072506
-4.72955783474
-0.184406500543
-4.64095334169
-0.171570235548
-4.55253704732
-0.159309277522
-4.46437141278
-0.147621979224
-4.37649288126
-0.136494287927
-4.28891487634
-0.125901300571
-4.20165416532
-0.115824159866
-4.11473163483
-0.106253383609
-4.02817075284
-0.0971868244899
-3.94199603057
-0.0886276299066
-3.85623148449
-0.0805822017748
-3.77089909822
-0.0730581563388
-3.68601919683
-0.0660565187184
-3.60161216057
-0.0595603863921
-3.51769799215
-0.0535340333321
-3.4342977946
-0.0479384727367
-3.35143596817
-0.042736200913
-3.26913257637
-0.0378929025658
-3.18740332243
-0.0333791560864
-3.10626205994
-0.0291721388422
-3.0257233036
-0.0252573324658
-2.94580475427
-0.0216301795734
-2.86653177739
-0.0182906801653
-2.78794111978
-0.0152388342413
-2.71008968536
-0.0124746418016
-2.63307181466
-0.009998102846
-2.55699931939
-0.00780921737459
-2.48197815192
-0.00590798538737
-2.40808780211
-0.00429440688433
-2.33538565239
-0.00296848186548
-2.26392379022
-0.00192911901482
-2.19374237333
-0.00116017063453
-2.12486971701
-0.0006300343654
-2.05732469194
-0.000296624410424
-1.991119122
-0.000112342758655
-1.92626018199
-2.90504087701e-05
-1.86275279548
-3.03859280848e-06
-1.80060203258
9.94759830064e-14
-1.73981536303
9.94759830064e-14
-1.68040104957
9.94759830064e-14
-1.62236291315
9.94759830064e-14
-1.56569736191
9.94759830064e-14
-1.51040160358
9.94759830064e-14
-1.45647424738
9.94759830064e-14
-1.40391337173
9.94759830064e-14
-1.35271459194
9.94759830064e-14
-1.30286912795
9.94759830064e-14
-1.25436187203
9.94759830064e-14
-1.20716945644
9.94759830064e-14
-1.16125179774
9.94759830064e-14
-1.1165351373
9.94759830064e-14
-1.07293232662
9.94759830064e-14
-1.03036920538
9.94759830064e-14
-0.988810096203
9.94759830064e-14
-0.948253193852
9.94759830064e-14
-0.9087087845
9.94759830064e-14
-0.870196327317
9.94759830064e-14
-0.832741539266
9.94759830064e-14
-0.796373479922
9.94759830064e-14
-0.761121636279
9.94759830064e-14
-0.727013007563
9.94759830064e-14
-0.694069190039
9.94759830064e-14
-0.662303461827
9.94759830064e-14
-0.631718012387
9.94759830064e-14
-0.602304494923
9.94759830064e-14
-0.57404426393
9.94759830064e-14
-0.54691800103
9.94759830064e-14
-0.520907730393
9.94759830064e-14
-0.495996299938
9.94759830064e-14
-0.472166862529
9.94759830064e-14
-0.449402357179
9.94759830064e-14
-0.427684990241
9.94759830064e-14
-0.406995716617
9.94759830064e-14
-0.387313720948
9.94759830064e-14
-0.368615898819
9.94759830064e-14
-0.350876337955
9.94759830064e-14
-0.334065799422
9.94759830064e-14
-0.318148471368
9.94759830064e-14
-0.303079606029
9.94759830064e-14
-0.288807420879
9.94759830064e-14
-0.275275010381
9.94759830064e-14
-0.262422257749
9.94759830064e-14
-0.250187746698
9.94759830064e-14
-0.238510673202
9.94759830064e-14
-0.227332757249
9.94759830064e-14
-0.216600154598
9.94759830064e-14
-0.20617183584
9.94759830064e-14
-0.196013570265
9.94759830064e-14
-0.186101227378
9.94759830064e-14
-0.176422688656
9.94759830064e-14
-0.16697844361
9.94759830064e-14
-0.157771445154
9.94759830064e-14
-0.148804575384
9.94759830064e-14
-0.140080645572
9.94759830064e-14
-0.13160239617
8.52651282912e-14
-0.123372496809
8.52651282912e-14
-0.1153935463
7.1054273576e-14
-0.107668072631
7.1054273576e-14
-0.10019853297
5.68434188608e-14
-0.0929873136647
5.68434188608e-14
-0.0860367302407
4.26325641456e-14
-0.079349027403
2.84217094304e-14
-0.0729263790355
2.84217094304e-14
-0.066770888201
2.84217094304e-14
-0.0608845871413
2.84217094304e-14
-0.0552694372774
2.84217094304e-14
-0.049927329209
1.42108547152e-14
-0.0448600827149
1.42108547152e-14
-0.0400694467528
1.42108547152e-14
-0.0355570994595
1.42108547152e-14
-0.0298247874643
2.84217094304e-14
-0.0246195770909
1.42108547152e-14
-0.0199343862368
1.42108547152e-14
-0.0157621327994
1.42108547152e-14
-0.0120957346763
1.42108547152e-14
-0.00892810976482
1.42108547152e-14
-0.00625217596253
0
-0.00406085116688
1.42108547152e-14
-0.00234705327534
1.42108547152e-14
-0.00110370018537
0
-0.000323709794429
0
0
0
