2
1000
-10.5943558705
2.75743508959
-10.594506331
2.75743508959
-10.5948818385
2.75743508959
-10.5955012454
2.75743508959
-10.5963834045
2.75743508959
-10.5975471684
2.75743508959
-10.5990113896
2.75743508959
-10.6007949208
2.75743508959
-10.6029166146
2.75743508959
-10.6053953237
2.75743508959
-10.6082499005
2.75743508959
-10.6117179019
2.75743508959
-10.6167387706
2.75743508959
-10.6207175542
2.75743508959
-10.6251730146
2.75743508959
-10.6301367786
2.75743508959
-10.6356425625
2.75743508959
-10.641727225
2.75743508959
-10.6484305753
2.75743508959
-10.6557956877
2.75743508959
-10.6638696737
2.75743508959
-10.672704453
2.75743508959
-10.6823616932
2.75743508959
-10.6929149098
2.75743508959
-10.704441237
2.75743508959
-10.7170130876
2.75743508959
-10.7306913302
2.75743508959
-10.7455295047
2.75743508959
-10.7615776573
2.75743508959
-10.7788853963
2.75743508959
-10.7975045001
2.75743508959
-10.8174872545
2.75743508959
-10.8388827216
2.75743508959
-10.8617330251
2.75743508959
-10.8860470122
2.75743508959
-10.9117275979
2.75743508959
-10.9386475746
2.75743508959
-10.9667297544
2.75743508959
-10.9962402545
2.75743508959
-11.0271963355
2.75743508959
-11.0596183106
2.75743508959
-11.0935301355
2.75743508959
-11.1289635199
2.75743508959
-11.1659678805
2.75743508959
-11.2045924842
2.75743508959
-11.2448651035
2.75743508959
-11.2867811822
2.75743508959
-11.3303143456
2.75743508959
-11.3754197229
2.75743508959
-11.4220470414
2.75743508959
-11.4701538331
2.75743508959
-11.5197130643
2.75743508959
-11.5707048371
2.75743508959
-11.6231146821
2.75743508959
-11.6769305583
2.75743508959
-11.7321314797
2.75743508959
-11.788697953
2.75743508959
-11.8466046659
2.75743508959
-11.9058123388
2.75743508959
-11.9662776932
2.75743508959
-12.027963981
2.75743508959
-12.0908421878
2.75743508959
-12.1548933262
2.75743514998
-12.220119243
2.75745853552
-12.2865351165
2.75755108451
-12.3541450285
2.75775275624
-12.4229182864
2.75807289994
-12.4927937921
2.75851151561
-12.5636782958
2.75906860325
-12.6354666097
2.75974416287
-12.7080647854
2.76053819444
-12.7813947194
2.76145069799
-12.8553756155
2.76248167351
-12.929927297
2.763631121
-13.0049741854
2.76489904046
-13.0804477511
2.76628543189
-13.1562805777
2.76779029528
-13.2324064997
2.76941363065
-13.3087564183
2.77115543798
-13.3852566356
2.77301571729
-13.4618402826
2.77499446856
-13.5384427517
2.77709169181
-13.6150146369
2.77930738702
-13.6915359239
2.7816415542
-13.7680057428
2.78409419336
-13.8444267714
2.78666530448
-13.9208002458
2.78935488757
-13.9971205568
2.79216288223
-14.0733568965
2.79506602373
-14.1494556897
2.79801847374
-14.2253567957
2.80098027297
-14.3010073673
2.80394207221
-14.3763477831
2.80690387145
-14.451322747
2.80986567069
-14.5259005493
2.81282746992
-14.6000813523
2.81578926916
-14.6738846683
2.8187510684
-14.7473486133
2.82171286763
-14.8205189078
2.82467466687
-14.8934377653
2.82763646611
-14.9661385625
2.83059826534
-15.0386563715
2.83356006458
-15.1110261443
2.83652186382
-15.1832783495
2.83948366305
-15.2554331565
2.84244546229
-15.3274931011
2.84540726153
-15.3994582775
2.84836906077
-15.4713446827
2.85133086
-15.5431822254
2.85429265924
-15.6150044227
2.85725445848
-15.686836728
2.86021625771
-15.7586831309
2.86317799655
-15.8305063921
2.86611641025
-15.9022431312
2.8689856605
-15.9738381088
2.871745788
-16.0452777156
2.87438744354
-16.1165895316
2.87691062711
-16.1878367218
2.8793153387
-16.2590947706
2.88160157833
-16.3304277008
2.88376934599
-16.4018771667
2.88581864167
-16.4734748519
2.88774946539
-16.5452406366
2.88956181714
-16.6171875897
2.89125569692
-16.6893299065
2.89283110473
-16.7616880195
2.89428804057
-16.8342874006
2.89562650444
-16.9071590009
2.89684649634
-16.9803385429
2.89794801627
-17.0538668179
2.89893106424
-17.127788448
2.89979564023
-17.2021381737
2.90054174425
-17.2769290244
2.90116937631
-17.3521602902
2.90167853639
-17.4278401181
2.90206922451
-17.5039741053
2.90234144065
-17.5805468501
2.90249524522
-17.6575561882
2.90255390297
-17.7350370802
2.90256325219
-17.8130896502
2.90254331522
-17.8919004735
2.90241274552
-17.9715202491
2.90216370384
-18.051950954
2.90179619019
-18.1331826116
2.90131020458
-18.2152129863
2.90070574699
-18.2980409311
2.89998281744
-18.3816688101
2.89914141591
-18.4661053118
2.89818154242
-18.5513601279
2.89710319696
-18.6374358365
2.89590637952
-18.7243189162
2.89458401281
-18.8119762184
2.89308928213
-18.9003721093
2.89137095625
-18.9894891884
2.88941568642
-19.0793454812
2.88722347266
-19.1699769845
2.88479431496
-19.2614028489
2.88212605236
-19.3536131904
2.87917609589
-19.4465755351
2.87588852834
-19.5402367363
2.87224554488
-19.6345526236
2.86824714551
-19.7295238967
2.86389333024
-19.8251798472
2.85918409905
-19.9215325869
2.85411945196
-20.0185238318
2.84871932593
-20.1159941305
2.84307441673
-20.2139610134
2.83715743733
-20.3125000588
2.83090187536
-20.4116135437
2.82426361946
-20.5112611461
2.8172012291
-20.6113902159
2.80968133957
-20.7119547374
2.80168790485
-20.812919382
2.79322058225
-20.9142501475
2.78427937177
-21.0159116276
2.77486427342
-21.1178659926
2.7649823645
-21.2200768202
2.75467780761
-21.3224996427
2.74398242427
-21.4250783071
2.73287787843
-21.5277454791
2.72132805907
-21.6304475859
2.70930011875
-21.7331823669
2.69676347174
-21.8359810569
2.68372611272
-21.9388537155
2.67021104383
-22.0417759611
2.65620805082
-22.1447271284
2.64169351173
-22.2476877174
2.62664565504
-22.3506198953
2.61104203772
-22.4534365971
2.59487696024
-22.555965546
2.57820788512
-22.6581617574
2.56099943648
-22.7599557725
2.54324636851
-22.861240103
2.52498852833
-22.9619622879
2.50625092791
-23.0620923709
2.48705977462
-23.1616054829
2.46743440553
-23.2604709031
2.44737538376
-23.3586554679
2.42686345316
-23.4561402159
2.40587178435
-23.552942024
2.38435748802
-23.6491115575
2.36230032164
-23.7447017815
2.33968762154
-23.8397357951
2.31650370204
-23.9341842776
2.29275145284
-24.0279875855
2.2684454302
-24.1210826613
2.24360117845
-24.2133970705
2.2182715105
-24.3048609947
2.19251600908
-24.3954371881
2.16633404587
-24.4851217343
2.13968471436
-24.5739038884
2.11251570136
-24.6617655155
2.08477640161
-24.7487106833
2.05643100768
-24.8348034732
2.02744990583
-24.9201895659
1.99775411508
-25.004817977
1.96739863175
-25.0885822047
1.93647530333
-25.171466923
1.90503479455
-25.2534996615
1.87310691478
-25.3347146184
1.84065347149
-25.4151431625
1.8075577362
-25.4948139153
1.77371376299
-25.5737628022
1.73907219675
-25.6520239757
1.70360375639
-25.7296025458
1.66730289357
-25.806469725
1.63014664511
-25.8825867645
1.59212324869
-25.9579398464
1.55325725453
-26.0325516796
1.51357397132
-26.1064461494
1.47308810916
-26.1796046867
1.43180720344
-26.2519782696
1.38969771801
-26.3235269529
1.34671130739
-26.3942498306
1.30284640064
-26.464166269
1.25812873764
-26.5332987957
1.21258843798
-26.6016649988
1.16624911558
-26.6692634219
1.11912035102
-26.7360688752
1.0711961033
-26.8020429943
1.02246905672
-26.8672122375
0.972893200165
-26.9316597469
0.922382381957
-26.9954120837
0.870872849671
-27.0584731826
0.818309685002
-27.1208297037
0.764697484381
-27.1824666372
0.710116731872
-27.243362842
0.654641303716
-27.3034713451
0.598299693874
-27.3627078328
0.541131994892
-27.4209693686
0.48318836891
-27.4781635011
0.424511260207
-27.5342323587
0.365104081274
-27.5891682588
0.304926322456
-27.6429950555
0.243919001072
-27.6957517841
0.182025187798
-27.747488765
0.119199680302
-27.7982511162
0.0554165701791
-27.8480692569
-0.00931595991506
-27.8969396545
-0.0749571439068
-27.9448411233
-0.141448313755
-27.9917470201
-0.20872832298
-28.0376303642
-0.276744722486
-28.0824662573
-0.34546712966
-28.1262357761
-0.414886826474
-28.1689159807
-0.48501381078
-28.2104525361
-0.555860407352
-28.2507547809
-0.62742610893
-28.2897413471
-0.6996963558
-28.327371803
-0.772597513362
-28.3636332853
-0.845990937701
-28.3985167432
-0.919765060862
-28.43200758
-0.993871615791
-28.4640833881
-1.06829962087
-28.4947270197
-1.14308929767
-28.5239425029
-1.2183017732
-28.5517570162
-1.29397714231
-28.57818947
-1.37012056292
-28.6032215726
-1.44670512301
-28.6268158343
-1.52368869083
-28.6489329125
-1.60102321879
-28.6695478579
-1.67865765314
-28.6886485608
-1.75654677473
-28.7062163649
-1.83466731876
-28.7222283255
-1.91302456596
-28.7366645153
-1.99165898994
-28.7495099203
-2.07062050739
-28.7607533315
-2.14993477661
-28.7703871055
-2.22957577627
-28.7784074762
-2.30948840134
-28.7848260251
-2.38960853258
-28.7896654767
-2.46987397232
-28.7929487993
-2.55023043107
-28.7946924735
-2.63063736724
-28.794907123
-2.71111242367
-28.7936052188
-2.7917345677
-28.7908027461
-2.87255451772
-28.7865233795
-2.95356177494
-28.7808017954
-3.03471374187
-28.7736866749
-3.1159374468
-28.765217412
-3.19715516242
-28.7554014764
-3.2783082996
-28.7442044275
-3.35935324784
-28.7315448715
-3.44026969541
-28.7173243227
-3.52105736102
-28.7014750158
-3.60172569816
-28.6839878947
-3.6822884677
-28.6648830177
-3.76276354819
-28.6441865936
-3.84317158234
-28.6219072609
-3.92352974589
-28.598016731
-4.00383234149
-28.5724826993
-4.08406850894
-28.5453072586
-4.16424757743
-28.5165183504
-4.24441764152
-28.486173179
-4.3246448578
-28.4543512755
-4.40499492972
-28.4211229421
-4.48552148491
-28.3865091776
-4.56626672459
-28.3504919661
-4.64726484025
-28.3130545951
-4.72854697909
-28.2741889271
-4.81013686849
-28.2338826653
-4.89205601849
-28.1921038459
-4.97432787805
-28.1487892156
-5.05698428546
-28.1038953613
-5.14005875124
-28.057446302
-5.22357716894
-28.0095036666
-5.30756339513
-27.9601597479
-5.39204000715
-27.909522126
-5.47701813294
-27.8576521462
-5.56249757605
-27.8045606739
-5.64847757655
-27.7502367022
-5.73496080986
-27.6946765018
-5.82194859891
-27.6378859707
-5.909426986
-27.5798897831
-5.99734454631
-27.5207375682
-6.08562246792
-27.4604780388
-6.17417334658
-27.399121815
-6.26293389061
-27.336647676
-6.35187518939
-27.2729847942
-6.44104607958
-27.2080448984
-6.53051039589
-27.1417880523
-6.62027195201
-27.0742370165
-6.7103006952
-27.0054333595
-6.80055842411
-26.935378838
-6.89101985759
-26.8640580866
-6.98169629344
-26.7914610815
-7.07260717656
-26.7175978968
-7.16374811866
-26.6425021001
-7.25508820576
-26.5661951238
-7.34659302691
-26.4886614691
-7.43824232034
-26.4098886346
-7.53003583411
-26.3298990401
-7.62196530657
-26.2487515024
-7.71398797885
-26.1665345482
-7.80604710387
-26.083309514
-7.89807810857
-25.9990873706
-7.98998662751
-25.9138514449
-8.08168347384
-25.8275775062
-8.17309368576
-25.7402414917
-8.26421175942
-25.6518172276
-8.35508049696
-25.5622583343
-8.44574036467
-25.4715104816
-8.53619553183
-25.3795529761
-8.62639353721
-25.2864147758
-8.71619950554
-25.1921452011
-8.80544427985
-25.0967885355
-8.89401589651
-25.0003612675
-8.98184612029
-24.9028256166
-9.06893970067
-24.8041159697
-9.15536268829
-24.7041768608
-9.24105344578
-24.6029933538
-9.32588377116
-24.5006395302
-9.40973419624
-24.3972220636
-9.49255803325
-24.292783564
-9.57432144536
-24.1873061852
-9.65496004545
-24.080733686
-9.73439643116
-23.9729790894
-9.81257292779
-23.8639815211
-9.88950445474
-23.753730432
-9.96518790864
-23.6422326458
-10.0395926586
-23.5295002941
-10.1127262322
-23.4155630293
-10.1846447503
-23.3004530416
-10.2554242308
-23.1841885281
-10.3250721427
-23.0667711517
-10.3935726021
-22.9482606019
-10.4609139584
-22.8287807175
-10.5270630024
-22.708424483
-10.5919267454
-22.5869239086
-10.6555176499
-22.4642451465
-10.7178341811
-22.3403817738
-10.7789182224
-22.2153079917
-10.8388621077
-22.0890546047
-10.8977013165
-21.961688369
-10.9552957329
-21.8332683162
-11.0115963627
-21.7038265922
-11.0666403178
-21.5733326868
-11.1205028132
-21.4417362318
-11.1732113805
-21.3090304042
-11.2247758053
-21.1752296234
-11.2752022331
-21.0403551518
-11.3244748107
-20.9044399145
-11.3725761901
-20.7675145543
-11.4194534664
-20.6295955587
-11.4650987993
-20.4906960062
-11.5096019207
-20.3508164589
-11.5530913834
-20.209961428
-11.5956189115
-20.0681894205
-11.6371486386
-19.9255808067
-11.6776516454
-19.7821785491
-11.7170988424
-19.6379508448
-11.7554583986
-19.4928310581
-11.7927514395
-19.3467666168
-11.8291140942
-19.2000550873
-11.8646004692
-19.0527456978
-11.8992806824
-18.9048465908
-11.9331908551
-18.7564166737
-11.966253118
-18.607532514
-11.9983131116
-18.4582910738
-12.0294235222
-18.3087971432
-12.0597240953
-18.1591156519
-12.0893096572
-18.0092504591
-12.1181583323
-17.8591890039
-12.1462580284
-17.7089116189
-12.1736503321
-17.558378981
-12.2004061782
-17.407613744
-12.226596108
-17.2566771087
-12.2522303956
-17.1056123842
-12.2773384166
-16.9544676096
-12.3019680024
-16.8033032979
-12.3260982866
-16.6521564405
-12.3496218758
-16.5010188756
-12.3724491423
-16.3498163453
-12.3946026832
-16.1984462685
-12.4161440724
-16.0468939227
-12.4371349993
-15.8952158755
-12.4576421579
-15.7434926249
-12.4777054531
-15.5920489524
-12.4972105338
-15.4408440352
-12.516126932
-15.2898849018
-12.5344509704
-15.1391951697
-12.552134807
-14.9887824343
-12.5691703234
-14.8386107219
-12.5856972538
-14.6885720039
-12.6018135006
-14.5385809486
-12.6175066233
-14.3886400673
-12.6327425086
-14.2388190576
-12.6475794375
-14.0892035375
-12.6620608534
-13.9398671985
-12.6762328907
-13.7909038747
-12.6901633364
-13.6423694091
-12.7038736806
-13.4942705644
-12.7174291432
-13.3465868936
-12.7308661339
-13.1992303572
-12.7441611571
-13.0520756553
-12.7572540638
-12.9050799186
-12.7701572709
-12.7582410194
-12.7829283871
-12.6116023121
-12.7955810313
-12.4652884633
-12.8081152036
-12.3194244644
-12.8205650442
-12.1740576084
-12.8329769768
-12.0291748549
-12.8453178529
-11.8845139789
-12.8576561562
-11.7401742784
-12.8699944595
-11.5961936878
-12.8823327627
-11.4525724606
-12.8947189079
-11.3093054112
-12.907222756
-11.166387771
-12.9198236454
-11.0238470786
-12.9323976781
-10.8816771133
-12.9448581136
-10.7398241121
-12.9572000772
-10.598221436
-12.9694235688
-10.4568410385
-12.9815285884
-10.3157411038
-12.9934690988
-10.1749573737
-13.0051773129
-10.0344832042
-13.0166485831
-9.89431963515
-13.0278829094
-9.75446226582
-13.0388802917
-9.61491487752
-13.0496646839
-9.47548811631
-13.0604161671
-9.33622415179
-13.0711676502
-9.19720546485
-13.0819191333
-9.05851654389
-13.0926934007
-8.92013407585
-13.1035421722
-8.7819130806
-13.1144714784
-8.64362655107
-13.1254386925
-8.50524873102
-13.1364769632
-8.36688552512
-13.1476300286
-8.22852670281
-13.1589106988
-8.09019235611
-13.1703641821
-7.95190878958
-13.1820392654
-7.81368416761
-13.1939442783
-7.67549792003
-13.2060230309
-7.53733895769
-13.2182879635
-7.39917170616
-13.2307849653
-7.26099751923
-13.243518911
-7.12283937365
-13.2564898006
-6.98469806846
-13.2696515969
-6.84639224953
-13.2829365129
-6.70767855033
-13.2963399008
-6.56842210598
-13.3098617608
-6.42852538645
-13.3235020926
-6.28801436784
-13.3372608965
-6.1470558249
-13.351137714
-6.00603622538
-13.3650145314
-5.8650392243
-13.3788913489
-5.72404594981
-13.3927681663
-5.58295949117
-13.4066221995
-5.44168376665
-13.4203675882
-5.30022371572
-13.4339006286
-5.15876007048
-13.4471967251
-5.01730543393
-13.4602558776
-4.8757462003
-13.4730780861
-4.73408597741
-13.4856542177
-4.59232759878
-13.4979390645
-4.45048348461
-13.5098838391
-4.30855976206
-13.5214802122
-4.16649686133
-13.5327181973
-4.02427288837
-13.5436007664
-3.88197427435
-13.5541279197
-3.73963282105
-13.564299657
-3.59722531728
-13.5741159785
-3.45471305464
-13.5836229213
-3.31220634977
-13.5928882724
-3.1699254325
-13.6019166796
-3.0279807509
-13.6107081429
-2.88643099665
-13.6192626623
-2.7452639628
-13.6275768917
-2.60462048089
-13.6354772738
-2.46441112332
-13.6429072225
-2.32455445269
-13.6498632833
-2.18502084932
-13.656322672
-2.04581304408
-13.6622336686
-1.90701387969
-13.6675902428
-1.76882303342
-13.6724521305
-1.63127636182
-13.6768401303
-1.49431022215
-13.6807542423
-1.3578622848
-13.6841853333
-1.22188474511
-13.6870881956
-1.08633162145
-13.6894140418
-0.951203285203
-13.6911475282
-0.816628127394
-13.6922886547
-0.682833519452
-13.692918014
-0.549985102566
-13.6930734855
-0.418076718078
-13.6927550691
-0.287010852694
-13.6919627648
-0.156644460919
-13.6906965727
-0.0271311600312
-13.6889564926
0.101301307672
-13.6867425247
0.228577768643
-13.6840546689
0.354840013923
-13.680801749
0.480195103661
-13.6769564692
0.604721097324
-13.6725221755
0.728722724293
-13.6676724254
0.852235404147
-13.6624545332
0.975246233043
-13.6568415586
1.09771803147
-13.6508163953
1.21956189973
-13.6443935918
1.34072431868
-13.6375768218
1.46131746966
-13.6303290947
1.58137479323
-13.6226182796
1.700895448
-13.6144335765
1.8200397086
-13.6057841186
1.93889820321
-13.5967151138
2.05754200996
-13.5872753493
2.17602339939
-13.5774665187
2.29434588579
-13.5673174668
2.41251996564
-13.556789214
2.53063552363
-13.5457942302
2.64884601483
-13.5342107819
2.76712353456
-13.5219812614
2.88534248257
-13.5090668198
3.00365155788
-13.4954330171
3.12228515954
-13.4810483676
3.24133393838
-13.4658847612
3.36064786109
-13.4500060551
3.48010366449
-13.4334134387
3.59962303901
-13.416133265
3.71913859606
-13.3981926716
3.83860090739
-13.3795728025
3.95799085477
-13.3602679475
4.07733728979
-13.3402734969
4.19672790913
-13.3195819421
4.31623932114
-13.2981962102
4.43586746266
-13.2761362648
4.55555653117
-13.253411297
4.67525141796
-13.2299912436
4.79490264523
-13.205654557
4.91448094509
-13.1803700946
5.03394816308
-13.1541378564
5.15333289576
-13.1269659106
5.27282552441
-13.0987349937
5.39259122736
-13.0693697019
5.51266473225
-13.0389069927
5.63286694257
-13.0074404933
5.7530217021
-12.9750054522
5.87313066904
-12.941614724
5.9932240481
-12.9072642478
6.11329072769
-12.8719332041
6.23311738342
-12.8356784667
6.35255833732
-12.7984858208
6.47156988834
-12.7603058078
6.59017484998
-12.7210205725
6.70842853572
-12.6805246321
6.82639550604
-12.6388088849
6.9441458483
-12.595892392
7.06172794499
-12.5518013459
7.17916405606
-12.5065539182
7.29646723604
-12.4601421309
7.4136594984
-12.4125248997
7.53073846023
-12.3636570224
7.64750661375
-12.3135197121
7.76371035869
-12.26228303
7.87920724004
-12.2099290798
7.99393761838
-12.1564192044
8.10785756593
-12.1017511101
8.22090155912
-12.0460276941
8.33296559782
-11.9893840861
8.44380677264
-11.9319256332
8.55332094726
-11.873673145
8.66153327139
-11.8146271119
8.76838157775
-11.7547903634
8.87383368904
-11.6941772506
8.97791301786
-11.6328143771
9.08083471492
-11.570648165
9.18272662651
-11.5077007097
9.28361444196
-11.4440326776
9.38347257878
-11.3797212939
9.48224502596
-11.3148291161
9.57985132451
-11.2493744548
9.67618559031
-11.1833474556
9.77114360157
-11.1167237781
9.86464311978
-11.0494724519
9.95663595478
-10.9815733103
10.0471039575
-10.9130458824
10.1360643223
-10.8439429667
10.2235670917
-10.7744939936
10.309629463
-10.7047304968
10.3942451156
-10.6346475724
10.477359562
-10.5642343997
10.5588999264
-10.4935339144
10.6388041628
-10.4225916848
10.7170462601
-10.3513795457
10.7937758134
-10.2798113201
10.8690906252
-10.2078556989
10.9430474779
-10.1354975316
11.0156311146
-10.0627326914
11.0867863187
-9.98956590274
11.156449044
-9.91600954923
11.22456187
-9.84208160998
11.2910779909
-9.76780555643
11.3559446107
-9.69322420686
11.4191083269
-9.61838227081
11.4805180496
-9.54330977019
11.5401211379
-9.46803127748
11.5978815066
-9.39257831451
11.6537887704
-9.31700527958
11.7078513699
-9.24140126466
11.7600735722
-9.16587231185
11.8104517693
-9.09049150814
11.8589744381
-9.01528755685
11.9057349321
-8.94009788676
11.9507613252
-8.86494877664
11.9940775754
-8.78990493518
12.0357392732
-8.71503470208
12.075815283
-8.64032702281
12.1143767802
-8.56575069742
12.1514952118
-8.49134362529
12.1872188497
-8.41716767622
12.2215638831
-8.34328722398
12.2545225502
-8.26975887557
12.2860890062
-8.19662192087
12.3162573915
-8.12389693568
12.3450179987
-8.05157754519
12.3723707863
-7.97963372255
12.3983289795
-7.90801696392
12.4229241651
-7.83666145261
12.4461943477
-7.76551176476
12.4681742793
-7.69453884685
12.4889057287
-7.62374363767
12.5084303124
-7.55315161152
12.526772484
-7.48279193026
12.5439288513
-7.41266978926
12.5598737358
-7.34276226919
12.5745602942
-7.27305019008
12.5879481482
-7.20352424723
12.6000202831
-7.13418088247
12.6107953763
-7.0650199916
12.6202935434
-6.99603506528
12.628517793
-6.92720591006
12.6354627081
-6.85849734312
12.6411188648
-6.7898578058
12.6454544429
-6.72122671151
12.6484181998
-6.65254708841
12.6499672215
-6.58377879473
12.6500951799
-6.5148959355
12.6488246939
-6.44589005705
12.6462002267
-6.37677251866
12.6422862462
-6.30758057742
12.6371423191
-6.23836824987
12.6308278709
-6.16919199596
12.6233979741
-6.10009715591
12.6149020975
-6.03111364275
12.6053671083
-5.96226210086
12.5947987116
-5.89354328711
12.5831892938
-5.8249350323
12.5705350481
-5.75640222816
12.5568537516
-5.68790947291
12.5421870175
-5.61943002923
12.5266052368
-5.55094108704
12.5101871771
-5.48242353404
12.4929951584
-5.41385758119
12.4750525388
-5.34522242733
12.4563677828
-5.27650343369
12.436948736
-5.20769682352
12.4168046817
-5.13881124571
12.3959450095
-5.06986773427
12.3744001633
-5.00089237079
12.3522212276
-4.93190922756
12.3294551981
-4.86293377782
12.3061241945
-4.79397649796
12.2822230522
-4.72504205362
12.2577313503
-4.65614420102
12.2326175089
-4.58730799115
12.2068564611
-4.5185690215
12.1804275248
-4.44997197783
12.153318719
-4.38157168151
12.1255348044
-4.31343300613
12.0971119652
-4.24561493281
12.0681060227
-4.1781673423
12.0385784253
-4.11113244287
12.0085832937
-4.04455016088
11.9781541641
-3.97846300085
11.9473111451
-3.91292097057
11.9160697635
-3.84798306438
11.8844406193
-3.78371036978
11.8524300931
-3.72014617576
11.8200425044
-3.65731699194
11.7872822897
-3.59524069139
11.7541543906
-3.53393834688
11.7206627557
-3.47344926715
11.6868130976
-3.41383430283
11.6526157346
-3.35516191323
11.618088189
-3.29749192528
11.5832635987
-3.24087735355
11.5481804883
-3.18536520004
11.5128661454
-3.13099339664
11.4773180822
-3.07777559867
11.4415180625
-3.02570441913
11.4054335738
-2.97475975809
11.369023145
-2.92491567069
11.3322386328
-2.87613898537
11.2950485054
-2.82838532736
11.2574444455
-2.78161240768
11.2194338526
-2.73578396807
11.1810233021
-2.69087104581
11.1422028272
-2.64685159961
11.1029513704
-2.60371031816
11.0632440035
-2.56143530813
11.0230526
-2.52001346406
10.982349632
-2.47943255236
10.9411106418
-2.4396964593
10.8993152635
-2.40081958618
10.8569465546
-2.36281564828
10.8139878177
-2.32568648425
10.7704227326
-2.2894106055
10.7262350601
-2.25394520814
10.6814083812
-2.2192408918
10.6359260813
-2.18525753255
10.5897695757
-2.15196140952
10.5429382312
-2.11932600897
10.4954645242
-2.08733123262
10.4474092788
-2.05596159403
10.398839383
-2.02520169642
10.3498234866
-1.9950311214
10.3004238533
-1.96542077922
10.2506899001
-1.93633842187
10.2006352116
-1.90775862359
10.1502422183
-1.87965886748
10.0994775502
-1.85201818151
10.0483113025
-1.82481539164
9.99673442217
-1.79802680874
9.94475386771
-1.7716238331
9.89238476534
-1.74557367969
9.83965100062
-1.71984315552
9.78658346199
-1.69441903401
9.73321755205
-1.66930915058
9.67959067965
-1.64453637306
9.62574165243
-1.62012841706
9.57171238111
-1.59610321897
9.51754515628
-1.57246212419
9.46327960734
-1.54919457073
9.4089512819
-1.52628506334
9.35459075867
-1.50371483625
9.30021870715
-1.4814642013
9.24584157744
-1.45951463828
9.19145692235
-1.43785484018
9.13706164809
-1.41647952126
9.08265825504
-1.39538779121
9.02825635269
-1.3745864275
8.97387414159
-1.35409316487
8.91953464708
-1.33393119371
8.86525486828
-1.31412150789
8.81103564005
-1.29468646227
8.75686881203
-1.27564980136
8.70274459517
-1.25703614133
8.64865886689
-1.2388704459
8.59461839902
-1.22117750219
8.54063473798
-1.20398203777
8.48671905141
-1.18730769296
8.43287861928
-1.17115898102
8.37911433044
-1.1555218416
8.32542037215
-1.14037135223
8.27178661405
-1.12568325366
8.21819938836
-1.1114466707
8.16464311291
-1.09766905907
8.11110190531
-1.08436879715
8.05756366442
-1.07154923465
8.00401810202
-1.05919674367
7.95045074073
-1.04729316732
7.89683724735
-1.03582598363
7.84313182325
-1.02479449278
7.78924004504
-1.01419552219
7.73505871675
-1.00402284458
7.68052651767
-0.994265905097
7.62561256916
-0.984908531272
7.57030416694
-0.975930693011
7.51460735283
-0.967311401222
7.45854897766
-0.959028301049
7.40216102007
-0.95105582868
7.34547275053
-0.943353723228
7.28850233833
-0.935870320707
7.23125232771
-0.92854914019
7.17371585959
-0.921334828747
7.11588010596
-0.914175926942
7.05772902397
-0.907016440912
6.99924616214
-0.899800103174
6.94041506703
-0.892479287705
6.88121710249
-0.88502503923
6.82163299521
-0.877427061736
6.76164535351
-0.869680490511
6.70123764888
-0.861783593782
6.64038884058
-0.853752963307
6.57907351402
-0.845620031903
6.51726396034
-0.837413193276
6.45493278584
-0.829142274017
6.39207107759
-0.820793237299
6.32872010716
-0.812350106498
6.26493876557
-0.80380016765
6.20076117516
-0.795134964654
6.13620512444
-0.786351294472
6.07128795645
-0.777449152321
6.00603725806
-0.7684285382
5.94048816665
-0.75928945211
5.87467816084
-0.750033713362
5.80863757539
-0.740676966657
5.74238481602
-0.731245912265
5.67593134639
-0.721772244004
5.60928436723
-0.71228658722
5.54244909617
-0.702815210055
5.47542874714
-0.69336889413
5.40822643769
-0.683939034842
5.34084826198
-0.674509437248
5.27330810037
-0.665065811784
5.20562892986
-0.655593570168
5.13783815364
-0.646073646771
5.06996154829
-0.636502345991
5.00202262833
-0.626894385086
4.93404630574
-0.617270699642
4.86606336709
-0.607646249046
4.79812274153
-0.598021798451
4.73031503608
-0.588397347855
4.66273064154
-0.57877289726
4.5954110355
-0.569148446664
4.52836693412
-0.559523996069
4.46160307474
-0.549899545473
4.39511124398
-0.540275094878
4.32885731752
-0.530650644282
4.26278213364
-0.521028012999
4.19669683796
-0.511422845727
4.1305233134
-0.501860092634
4.06425467735
-0.492362824944
3.99790316851
-0.482947544855
3.93149495116
-0.473622944151
3.86506534648
-0.464400677439
3.79865632376
-0.455313166315
3.73231200395
-0.446409425652
3.66607322466
-0.437730505536
3.5999693482
-0.429289216169
3.53401256801
-0.421084870742
3.46820684323
-0.413117306791
3.40255790153
-0.405369766523
3.33707746138
-0.397808051958
3.27178525219
-0.39039491744
3.20671142993
-0.383104462146
3.14187742263
-0.375932478821
3.07725027447
-0.368878967466
3.01277429477
-0.36194392808
2.94841411284
-0.355127360663
2.88414592842
-0.348429265217
2.81994921967
-0.341849641739
2.75581609386
-0.335385901811
2.69175056363
-0.329028631838
2.62777973579
-0.322761463126
2.56406876764
-0.31655091821
2.50068674814
-0.310352783165
2.4376503922
-0.304125144416
2.37497055386
-0.297834931219
2.31265598446
-0.291461146412
2.25071939122
-0.285005937754
2.1891784257
-0.278496565342
2.12805099712
-0.271963617921
2.06735350627
-0.26542417178
2.00710177056
-0.258884018954
1.94731639559
-0.252343866127
1.88801957637
-0.245803713301
1.82923570578
-0.239263560475
1.77099261545
-0.232723407649
1.71332199922
-0.226183254823
1.65625798872
-0.219643101997
1.59984054302
-0.213102949171
1.54412412941
-0.206562796345
1.48917378541
-0.200022643519
1.43505486343
-0.193482490693
1.38181760502
-0.186942337867
1.32949959413
-0.180402185041
1.2781364673
-0.173864620635
1.22778346236
-0.167339058245
1.17862508659
-0.160840047249
1.13074169654
-0.15438717052
1.084153375
-0.148008314409
1.03886464475
-0.141736444413
0.994866415417
-0.135605842406
0.952137911405
-0.129648206892
0.910646286795
-0.123869035027
0.870351363478
-0.118245795863
0.831216050909
-0.112751915657
0.793213845245
-0.10737582061
0.756332859572
-0.102118197533
0.720568763396
-0.0969790464259
0.685921013131
-0.0919583672879
0.652389715657
-0.0870561601194
0.619972491882
-0.0822724249204
0.588660065129
-0.0776071616909
0.558436587374
-0.0730603704308
0.52929311961
-0.0686320511402
0.501228809017
-0.0643222038191
0.474250483459
-0.0601308284675
0.448373227234
-0.0560579250854
0.423614836366
-0.0521034936727
0.399983702363
-0.0482701226495
0.377476770452
-0.0445672256111
0.356066467813
-0.0410093519375
0.335588140101
-0.0376143343958
0.31597394055
-0.034399686639
0.297209673772
-0.0313756284245
0.279288820679
-0.0285446051506
0.262209330321
-0.0259013458369
0.245970411723
-0.0234329211034
0.230570310915
-0.0211206754574
0.216006662667
-0.0189475872994
0.202273921632
-0.0169006863592
0.189360514403
-0.0149729640729
0.177247449279
-0.0131637137561
0.165847294594
-0.0114729354087
0.155138656889
-0.0099006290308
0.145097332076
-0.00844679462239
0.135696068376
-0.00711143218344
0.126904329254
-0.00589454171399
0.11868604579
-0.00479612321401
0.110992314905
-0.00381617668351
0.103766716358
-0.0029547021225
0.0969522124145
-0.00221169953095
0.0904980475183
-0.00158716890889
0.0843666479632
-0.0010811102563
0.0785334166369
-0.000690935153237
0.0729756892448
-0.000407230004221
0.0676727205412
-0.000215445429411
0.0626060445543
-9.77486617231e-05
0.0577598348106
-3.4875943804e-05
0.0531212645603
-7.98492516907e-06
0.0486808670009
-5.07059134236e-07
0.0444328955027
0
0.0403756838332
0
0.0365110211937
7.1054273576e-15
0.03284095254
7.1054273576e-15
0.0293674995108
7.1054273576e-15
0.0260926604275
7.1054273576e-15
0.021946270843
1.42108547152e-14
0.0181661993232
7.1054273576e-15
0.0147501141513
0
0.0116956836107
7.1054273576e-15
0.00900057598454
7.1054273576e-15
0.00666245955609
1.42108547152e-14
0.00467900260864
7.1054273576e-15
0.00304787342542
7.1054273576e-15
0.0017667402897
0
0.000833271484709
0
0.000245135293724
0
0
0
