6
221
0.0249023
-0.0136719
-0.0849609
0.0249023
0.0424805
0.0785156
0.0249023
-0.0136719
-0.0854492
0.0249023
0.0395508
0.0785156
0.0244141
-0.0136719
-0.0849609
0.0249023
0.0356445
0.0789062
0.0244141
-0.0131836
-0.0849609
0.0249023
0.0317383
0.0785156
0.0244141
-0.0131836
-0.0844727
0.0253906
0.0273438
0.0785156
0.0249023
-0.0126953
-0.0844727
0.0263672
0.0239258
0.0796875
0.0253906
-0.0126953
-0.0849609
0.0263672
0.0214844
0.0804687
0.0249023
-0.012207
-0.0849609
0.0263672
0.0195312
0.0804687
0.0249023
-0.0117188
-0.0844727
0.0263672
0.0170898
0.0804687
0.0249023
-0.0112305
-0.0844727
0.0253906
0.0136719
0.0800782
0.0249023
-0.0112305
-0.0849609
0.0253906
0.0102539
0.0800782
0.0244141
-0.0117188
-0.0849609
0.0253906
0.00634766
0.0800782
0.0244141
-0.0117188
-0.0849609
0.0253906
0.00390625
0.0796875
0.0244141
-0.0112305
-0.0849609
0.0249023
0.00146484
0.0796875
0.0244141
-0.0117188
-0.0849609
0.0249023
-0.00195312
0.0796875
0.0249023
-0.0117188
-0.0878906
0.0249023
-0.00439453
0.0800782
0.0249023
-0.0117188
-0.0888672
0.0253906
-0.00683594
0.0796875
0.0249023
-0.0126953
-0.0893555
0.0263672
-0.00976562
0.0796875
0.0249023
-0.0126953
-0.0893555
0.0249023
-0.0126953
0.0796875
0.0249023
-0.0136719
-0.0893555
0.0249023
-0.0151367
0.0796875
0.0249023
-0.0136719
-0.0898438
0.0249023
-0.0180664
0.0792969
0.0249023
-0.0141602
-0.0898438
0.0249023
-0.0205078
0.0796875
0.0249023
-0.0146484
-0.0913086
0.0249023
-0.0234375
0.0792969
0.0249023
-0.0151367
-0.0927734
0.0244141
-0.0263672
0.0792969
0.0244141
-0.0166016
-0.0952148
0.0244141
-0.0283203
0.0789062
0.0239258
-0.0180664
-0.0986328
0.0244141
-0.027832
0.0773438
0.0239258
-0.0195312
-0.102051
0.0244141
-0.0273438
0.075
0.0239258
-0.0209961
-0.105957
0.0244141
-0.0273438
0.0722656
0.0239258
-0.0224609
-0.110352
0.0244141
-0.0273438
0.06875
0.0234375
-0.0234375
-0.115234
0.0244141
-0.027832
0.0648438
0.0239258
-0.0244141
-0.120605
0.0253906
-0.0288086
0.0636718
0.0239258
-0.0244141
-0.126465
0.0258789
-0.0292969
0.0636718
0.0239258
-0.0239258
-0.132812
0.0263672
-0.0292969
0.0636718
0.0239258
-0.0234375
-0.138672
0.0263672
-0.0292969
0.0636718
0.0239258
-0.0229492
-0.144043
0.0263672
-0.0297852
0.0636718
0.0234375
-0.0224609
-0.148438
0.0263672
-0.0322266
0.0636718
0.0239258
-0.0224609
-0.151855
0.0263672
-0.0356445
0.0636718
0.0239258
-0.0224609
-0.154297
0.0263672
-0.0400391
0.0636718
0.0234375
-0.0219727
-0.155762
0.0263672
-0.0449219
0.0636718
0.0234375
-0.0224609
-0.156738
0.0263672
-0.0498047
0.0636718
0.0239258
-0.0224609
-0.156738
0.0263672
-0.0556641
0.0636718
0.0239258
-0.0234375
-0.156738
0.0268555
-0.0620117
0.0636718
0.0239258
-0.0239258
-0.156738
0.0263672
-0.0668945
0.0636718
0.0239258
-0.0244141
-0.157227
0.0268555
-0.0693359
0.0636718
0.0239258
-0.0249023
-0.157227
0.0268555
-0.0727539
0.0636718
0.0234375
-0.0249023
-0.158203
0.0258789
-0.0742188
0.0640625
0.0234375
-0.0258789
-0.160156
0.0253906
-0.0756836
0.0636718
0.0234375
-0.0273438
-0.162109
0.0253906
-0.0771484
0.0636718
0.0234375
-0.0283203
-0.165039
0.0258789
-0.078125
0.0636718
0.0234375
-0.0302734
-0.16748
0.0263672
-0.0761719
0.0636718
0.0234375
-0.0327148
-0.170898
0.0258789
-0.074707
0.0636718
0.0234375
-0.0356445
-0.17334
0.0253906
-0.0717773
0.0636718
0.0234375
-0.0385742
-0.175293
0.0249023
-0.0688477
0.0636718
0.0229492
-0.0415039
-0.176758
0.0249023
-0.0654297
0.0636718
0.0224609
-0.0449219
-0.177246
0.0249023
-0.0620117
0.0636718
0.0209961
-0.0498047
-0.177246
0.0249023
-0.0595703
0.0636718
0.019043
-0.0546875
-0.177246
0.0249023
-0.0581055
0.0636718
0.0170898
-0.0600586
-0.176758
0.0249023
-0.0571289
0.0636718
0.015625
-0.065918
-0.175781
0.0249023
-0.0566406
0.0636718
0.0141602
-0.0717773
-0.174316
0.0249023
-0.0566406
0.0636718
0.0126953
-0.078125
-0.173828
0.0249023
-0.0561523
0.0636718
0.0107422
-0.0839844
-0.173828
0.0249023
-0.0556641
0.0636718
0.00732422
-0.090332
-0.17334
0.0249023
-0.0551758
0.0636718
0.00341797
-0.0957031
-0.17334
0.0249023
-0.0551758
0.0636718
0
-0.101074
-0.17334
0.0249023
-0.0566406
0.0636718
-0.00341797
-0.106445
-0.172852
0.0249023
-0.0571289
0.0636718
-0.00732422
-0.111816
-0.172852
0.0258789
-0.0585938
0.0636718
-0.012207
-0.117188
-0.172852
0.0263672
-0.0585938
0.0636718
-0.0166016
-0.121582
-0.17334
0.0263672
-0.0585938
0.0636718
-0.0200195
-0.126465
-0.172852
0.0263672
-0.059082
0.0636718
-0.0224609
-0.130859
-0.172852
0.0263672
-0.059082
0.0636718
-0.0258789
-0.133789
-0.172852
0.0263672
-0.0600586
0.0636718
-0.0297852
-0.137207
-0.17334
0.0263672
-0.0629883
0.0636718
-0.0336914
-0.140137
-0.172852
0.0263672
-0.0668945
0.0636718
-0.0375977
-0.143066
-0.172852
0.0263672
-0.0712891
0.0636718
-0.0410156
-0.145996
-0.17334
0.0249023
-0.0751953
0.0640625
-0.0439453
-0.148926
-0.172852
0.0249023
-0.0786133
0.0636718
-0.046875
-0.151367
-0.17334
0.0249023
-0.081543
0.0636718
-0.050293
-0.154297
-0.172852
0.0249023
-0.0849609
0.0636718
-0.0527344
-0.156738
-0.17334
0.0249023
-0.0854492
0.0636718
-0.0556641
-0.159668
-0.172852
0.0249023
-0.0854492
0.0636718
-0.0576172
-0.163086
-0.172852
0.0249023
-0.0854492
0.0632813
-0.0610352
-0.166016
-0.172852
0.0249023
-0.0859375
0.0625
-0.0649414
-0.168457
-0.172852
0.0249023
-0.0859375
0.0625
-0.0688477
-0.170898
-0.172852
0.0249023
-0.0859375
0.0625
-0.0717773
-0.17334
-0.17334
0.0244141
-0.0854492
0.0625
-0.074707
-0.175781
-0.17334
0.0244141
-0.0869141
0.0625
-0.078125
-0.178223
-0.17334
0.0249023
-0.0874023
0.0625
-0.081543
-0.180664
-0.173828
0.0249023
-0.0874023
0.0625
-0.0859375
-0.183105
-0.174316
0.0249023
-0.0874023
0.0621094
-0.0893555
-0.186035
-0.174316
0.0249023
-0.0874023
0.0621094
-0.0927734
-0.188477
-0.174316
0.0249023
-0.0878906
0.0617187
-0.0961914
-0.190918
-0.174316
0.0249023
-0.0878906
0.0617187
-0.100586
-0.192871
-0.174316
0.0249023
-0.0878906
0.0609375
-0.104492
-0.195312
-0.174316
0.0244141
-0.0878906
0.0605469
-0.107422
-0.197754
-0.175293
0.0244141
-0.0878906
0.0601562
-0.110352
-0.199219
-0.175781
0.0249023
-0.0878906
0.059375
-0.114258
-0.200684
-0.177246
0.0249023
-0.0888672
0.0589844
-0.118164
-0.201172
-0.177246
0.0244141
-0.0917969
0.0582031
-0.122559
-0.201172
-0.177734
0.0249023
-0.0961914
0.0582031
-0.127441
-0.201172
-0.178711
0.0249023
-0.101074
0.0574218
-0.131348
-0.201172
-0.179199
0.0244141
-0.105957
0.0566406
-0.135742
-0.201172
-0.181152
0.0244141
-0.111328
0.05625
-0.139648
-0.200684
-0.183105
0.0249023
-0.115234
0.0554687
-0.144531
-0.200684
-0.185059
0.0249023
-0.118652
0.0542969
-0.148926
-0.200195
-0.1875
0.0249023
-0.121094
0.0527344
-0.154297
-0.199707
-0.189941
0.0244141
-0.122559
0.0511718
-0.158691
-0.199707
-0.192383
0.0244141
-0.122559
0.05
-0.162598
-0.199707
-0.194336
0.0249023
-0.122559
0.0488282
-0.165527
-0.200195
-0.195801
0.0249023
-0.122559
0.0480469
-0.168945
-0.200195
-0.197754
0.0244141
-0.122559
0.0472656
-0.171875
-0.200195
-0.199219
0.0249023
-0.122559
0.0457031
-0.175781
-0.199707
-0.200684
0.0249023
-0.123047
0.0445313
-0.179199
-0.199219
-0.20166
0.0258789
-0.123535
0.0429687
-0.182617
-0.198242
-0.203125
0.0263672
-0.124023
0.0417969
-0.185547
-0.197754
-0.204102
0.0263672
-0.124512
0.040625
-0.189453
-0.197754
-0.20459
0.0263672
-0.125
0.0394531
-0.191895
-0.197754
-0.205566
0.0263672
-0.125977
0.0390625
-0.194824
-0.197754
-0.205566
0.0263672
-0.125977
0.0390625
-0.197754
-0.197754
-0.205566
0.0268555
-0.126465
0.0390625
-0.200684
-0.197266
-0.206055
0.0268555
-0.126953
0.0390625
-0.203125
-0.197754
-0.206055
0.0268555
-0.128418
0.0390625
-0.206543
-0.197754
-0.20752
0.0268555
-0.130371
0.0390625
-0.209961
-0.197754
-0.209473
0.0268555
-0.132812
0.0390625
-0.213867
-0.197266
-0.211914
0.0268555
-0.135742
0.0390625
-0.218262
-0.197266
-0.214355
0.0268555
-0.138184
0.0390625
-0.222168
-0.197266
-0.216797
0.0268555
-0.138184
0.0390625
-0.225586
-0.196777
-0.21875
0.0268555
-0.138184
0.0390625
-0.227539
-0.196777
-0.220703
0.0268555
-0.137695
0.0386718
-0.229004
-0.196777
-0.222168
0.0268555
-0.137695
0.0386718
-0.230957
-0.196289
-0.223145
0.0268555
-0.137207
0.0386718
-0.233398
-0.196777
-0.224121
0.0268555
-0.137207
0.0382813
-0.23584
-0.196289
-0.224609
0.0268555
-0.137207
0.0386718
-0.236816
-0.196289
-0.225586
0.0268555
-0.137207
0.0386718
-0.239258
-0.196289
-0.226562
0.0268555
-0.137207
0.0386718
-0.241211
-0.196289
-0.227539
0.0268555
-0.137207
0.0386718
-0.242188
-0.196289
-0.229004
0.0268555
-0.137207
0.0386718
-0.243652
-0.195801
-0.230469
0.0273438
-0.137207
0.0386718
-0.244141
-0.194824
-0.231934
0.0268555
-0.137207
0.0386718
-0.245117
-0.192871
-0.234375
0.0268555
-0.137207
0.0386718
-0.246582
-0.191406
-0.237793
0.0268555
-0.136719
0.0386718
-0.247559
-0.188965
-0.241699
0.0268555
-0.136719
0.0386718
-0.248535
-0.187012
-0.245605
0.0268555
-0.13623
0.0386718
-0.249023
-0.185547
-0.250488
0.0268555
-0.134277
0.0386718
-0.25
-0.182617
-0.255371
0.0268555
-0.131348
0.0386718
-0.251465
-0.180664
-0.26123
0.0273438
-0.12793
0.0386718
-0.252441
-0.178223
-0.26709
0.0268555
-0.123535
0.0386718
-0.252441
-0.175293
-0.273438
0.0268555
-0.118164
0.0386718
-0.253418
-0.17334
-0.280273
0.0268555
-0.112793
0.0386718
-0.254395
-0.171387
-0.286621
0.0268555
-0.106934
0.0386718
-0.254883
-0.169434
-0.293945
0.0268555
-0.100098
0.0386718
-0.254883
-0.168457
-0.300293
0.0268555
-0.0927734
0.0382813
-0.254883
-0.167969
-0.307129
0.0268555
-0.0869141
0.0378906
-0.254883
-0.167969
-0.312012
0.0268555
-0.0810547
0.0375
-0.254883
-0.16748
-0.317871
0.0268555
-0.0756836
0.0371094
-0.254883
-0.166992
-0.322754
0.0263672
-0.0712891
0.0363282
-0.254883
-0.166992
-0.32666
0.0263672
-0.0678711
0.0359375
-0.254883
-0.166992
-0.32959
0.0258789
-0.0654297
0.0355469
-0.254883
-0.166992
-0.332031
0.0253906
-0.0644531
0.0355469
-0.254883
-0.166504
-0.334473
0.0253906
-0.0639648
0.0355469
-0.254883
-0.166504
-0.336426
0.0253906
-0.0654297
0.0351562
-0.254883
-0.166504
-0.337402
0.0253906
-0.0664062
0.034375
-0.254883
-0.166016
-0.339355
0.0253906
-0.0668945
0.0339844
-0.254883
-0.165039
-0.341309
0.0253906
-0.0678711
0.0339844
-0.254883
-0.164551
-0.343262
0.0253906
-0.0678711
0.0332031
-0.254883
-0.163086
-0.345703
0.0253906
-0.0678711
0.0328125
-0.254883
-0.162598
-0.348633
0.0249023
-0.0683594
0.0320313
-0.254883
-0.161621
-0.352051
0.0253906
-0.0668945
0.0316406
-0.254883
-0.161621
-0.355469
0.0249023
-0.0639648
0.03125
-0.254883
-0.161133
-0.359375
0.0249023
-0.0620117
0.0304687
-0.254883
-0.160645
-0.363281
0.0249023
-0.059082
0.0300782
-0.254883
-0.159668
-0.367188
0.0249023
-0.0566406
0.0292969
-0.254883
-0.158691
-0.371094
0.0249023
-0.0537109
0.0285156
-0.254883
-0.157715
-0.374512
0.0249023
-0.050293
0.028125
-0.254883
-0.157227
-0.378418
0.0249023
-0.0458984
0.028125
-0.254883
-0.157227
-0.381836
0.0249023
-0.0419922
0.028125
-0.254883
-0.156738
-0.385254
0.0249023
-0.0385742
0.028125
-0.254883
-0.157227
-0.388184
0.0249023
-0.0351562
0.028125
-0.254883
-0.157227
-0.390625
0.0249023
-0.03125
0.028125
-0.254883
-0.157227
-0.393555
0.0249023
-0.027832
0.028125
-0.254883
-0.157227
-0.395508
0.0253906
-0.0244141
0.028125
-0.254883
-0.157227
-0.397461
0.0258789
-0.0219727
0.028125
-0.254883
-0.157227
-0.399414
0.0263672
-0.0205078
0.028125
-0.254883
-0.157227
-0.400879
0.0263672
-0.0195312
0.028125
-0.254883
-0.157227
-0.402344
0.0263672
-0.0185547
0.028125
-0.254883
-0.157227
-0.403809
0.0268555
-0.0180664
0.028125
-0.254883
-0.157715
-0.404785
0.0268555
-0.0180664
0.0285156
-0.254883
-0.157715
-0.405273
0.0268555
-0.0170898
0.028125
-0.254883
-0.158691
-0.40625
0.0268555
-0.0151367
0.0285156
-0.254883
-0.15918
-0.407227
0.0268555
-0.0126953
0.0285156
-0.254883
-0.159668
-0.408203
0.0268555
-0.0107422
0.0285156
-0.254883
-0.160156
-0.409668
0.0268555
-0.00830078
0.0285156
-0.254883
-0.160645
-0.411133
0.0268555
-0.00683594
0.0285156
-0.254883
-0.160645
-0.412598
0.0268555
-0.00488281
0.0285156
-0.254883
-0.160645
-0.414551
0.0268555
-0.00292969
0.0285156
-0.254883
-0.160645
-0.416016
0.0268555
-0.000976562
0.0289062
-0.254883
-0.160645
-0.417969
0.0268555
0
0.0289062
-0.254883
-0.160645
-0.418945
0.0268555
0.00195312
0.0289062
-0.254883
-0.160645
-0.420898
0.0268555
0.00341797
0.0289062
-0.254883
-0.160645
-0.421875
0.0268555
0.00537109
0.0289062
-0.254883
-0.160645
-0.422363
0.0268555
0.00683594
0.0289062
-0.254883
-0.161133
-0.422852
0.0268555
0.00830078
0.0289062
-0.254883
-0.161621
-0.42334
0.0268555
0.00878906
0.0289062
-0.254883
-0.161133
-0.42334
0.0258789
0.00878906
0.0289062
-0.254883
-0.161133
-0.422852
0.0253906
0.00927734
0.0289062
-0.254883
-0.161621
-0.42334
0.0253906
0.00976562
0.0289062
-0.254883
-0.161621
-0.42334
0.0253906
0.00878906
0.0289062
-0.254883
-0.161621
-0.42334
0.0249023
0.0078125
0.0289062
-0.254883
-0.161133
-0.42334
0.0249023
0.00683594
0.0289062
-0.254883
-0.161621
-0.42334
0.0249023
0.00732422
0.0285156
-0.254883
-0.161133
-0.42334
0.0249023
0.00830078
0.0289062
-0.254883
-0.161621
-0.422852
0.0249023
0.00830078
0.0285156
-0.254883
-0.161621
-0.42334
0.0249023
0.00878906
0.0289062
-0.254883
-0.161133
-0.42334
0.0249023
0.00927734
0.0285156
-0.254883
-0.162109
-0.422852
0.0249023
0.00927734
0.0285156
-0.254883
-0.161621
-0.42334
0.0244141
0.00927734
0.0285156
-0.255371
-0.162109
-0.42334
0.0249023
0.00976562
0.0285156
-0.254883
-0.162109
-0.422852
0.0249023
0.00927734
0.028125
-0.254883
-0.162109
-0.42334
0.0244141
0.00878906
0.028125
-0.255371
-0.162109
-0.42334
0.0249023
0.00878906
0.0285156
-0.254883
-0.162109
-0.42334
0.0249023
0.00927734
0.028125
