2
1000
11.8904902076
14.1026744322
11.8899492146
14.1026744322
11.8886570965
14.1026744322
11.8866157262
14.1026744322
11.8838269767
14.1026744322
11.880292721
14.1026744322
11.876014832
14.1026744322
11.8709951826
14.1026744322
11.8652356459
14.1026744322
11.8587380947
14.1026744322
11.8515044021
14.1026744322
11.8435364409
14.1026744322
11.8348360842
14.1026744322
11.8279380909
14.1026744322
11.8206298488
14.1026744322
11.8129174524
14.1026744322
11.8048061185
14.1026756332
11.7962935073
14.1026894612
11.7873693896
14.1027371652
11.7780169795
14.1028470372
11.7682142661
14.103051632
11.7579353461
14.1033849869
11.747151756
14.1038798418
11.7358338044
14.1045648587
11.7239519044
14.1054618417
11.7114779056
14.1065829572
11.6983858119
14.1079298057
11.6846489598
14.1095023873
11.6702392485
14.1113007021
11.6551268742
14.1133247499
11.639280064
14.1155745307
11.6226648107
14.1180500447
11.6052446061
14.1207512917
11.5869801764
14.1236782719
11.5678306297
14.126848151
11.547753406
14.1303077917
11.5267013473
14.1341174447
11.5046197575
14.1383343199
11.4813060787
14.1429961561
11.4566728129
14.1481094585
11.4305935433
14.153674227
11.4029208039
14.1596892607
11.3735170449
14.1661431336
11.342278862
14.1730145966
11.3091336932
14.1802753578
11.2740247349
14.1878928624
11.2369029469
14.195833073
11.1977192384
14.2040649406
11.156423941
14.2126069101
11.1129679068
14.2215179325
11.0673016004
14.2308582728
11.0193748286
14.2406500793
10.9691403515
14.2508933519
10.9165538318
14.2615880907
10.8615726829
14.2727342957
10.804154925
14.2843319669
10.7442624537
14.2963811042
10.6818605224
14.3088817077
10.6169120903
14.3218337773
10.549370722
14.3352202547
10.4791672121
14.3490279308
10.4062180633
14.3632673222
10.3304475423
14.3779555602
10.2518097356
14.3930992782
10.170306467
14.4086944624
10.0859955862
14.4247399118
9.99897289714
14.4412242003
9.90934120433
14.458126079
9.81717854686
14.4754172558
9.7225435535
14.4930651761
9.62548857235
14.5110358023
9.5260614913
14.5292963948
9.42430737772
14.5478166008
9.32026349552
14.5665275089
9.2139562606
14.5853361979
9.10540199698
14.6041686359
8.99460929957
14.6230010738
8.88156910238
14.6418335118
8.7662659463
14.6606659497
8.64869417257
14.6794983876
8.52887410369
14.6983308256
8.40685683025
14.7171632635
8.28271187722
14.7359957015
8.15651471585
14.7548109734
8.0283355079
14.7735621095
7.89822955501
14.7921552054
7.76623208026
14.8104622836
7.63240225138
14.8283712645
7.49680932278
14.8458312706
7.35954635107
14.8628398105
7.22074045293
14.8793980852
7.08051862796
14.8955175207
6.93898353201
14.9112193661
6.79621806434
14.9265319133
6.65229163285
14.9414877172
6.50727732242
14.956120815
6.36125878404
14.9704622558
6.21432401777
14.9844935947
6.06655686643
14.9981558808
5.91802489706
15.0113888489
5.76873482405
15.0241703508
5.61866222604
15.0365003866
5.46782409146
15.0483789562
5.31630762834
15.0598060596
5.16421906151
15.0707816969
5.0116496431
15.081305868
4.85865449099
15.0913785729
4.70525857415
15.1009922418
4.55148400497
15.1100934754
4.39738714407
15.1186019292
4.2430808633
15.1264536504
4.08872013659
15.133630792
3.93441632788
15.1401267204
3.78021102542
15.1459454496
3.62605316387
15.1510869795
3.47180608088
15.1555513102
3.31731780341
15.1593375696
3.16246006561
15.1623991945
3.00712453961
15.1646524304
2.85122228113
15.166023395
2.69467996897
15.1664914272
2.53743805816
15.1660582179
2.37945893732
15.164770874
2.2207355352
15.1627101506
2.06130022631
15.1599484791
1.90126947848
15.1565096083
1.74081873724
15.1523935383
1.580106053
15.147600269
1.41921584634
15.1421298004
1.25818625441
15.1359821326
1.09701908623
15.1291572656
0.935700352579
15.1216551993
0.774218430528
15.1134835036
0.612563450832
15.1047127437
0.450723253319
15.0954701266
0.288702078982
15.085879856
0.126492451692
15.0760169887
-0.0358828381975
15.065925897
-0.198350252791
15.0555909772
-0.360814935036
15.044965925
-0.523159342456
15.0339894653
-0.685277070721
15.022599465
-0.847081041759
15.0107888485
-1.0084899298
14.9985805117
-1.16944507011
14.9859843352
-1.32991830521
14.9729675947
-1.48990142673
14.9595012807
-1.6493935823
14.9455835006
-1.80838652859
14.9312142543
-1.96681551318
14.9163935419
-2.1245912642
14.9011213632
-2.28166740701
14.8853977184
-2.43806255046
14.8692078801
-2.59380680739
14.8525117246
-2.74892054224
14.8352558913
-2.90339500189
14.8173860027
-3.05719047244
14.798866454
-3.2102542956
14.7797479515
-3.36254085574
14.7601238311
-3.51403229768
14.7400475285
-3.66475586599
14.7195197598
-3.81473253677
14.698540525
-3.96398105785
14.677109824
-4.11249953437
14.6552457518
-4.26023409864
14.6329795107
-4.40711773392
14.6103294611
-4.55307271647
14.5873459312
-4.69800779121
14.5641050427
-4.84183405915
14.5406915818
-4.98446440796
14.517150686
-5.12581602537
14.4934990387
-5.26581841032
14.4697302707
-5.40442270489
14.4458107203
-5.54161343497
14.4217031569
-5.67745803499
14.3973671337
-5.81207420281
14.3727492839
-5.94556538789
14.3477865567
-6.07798225534
14.3224352634
-6.20936360064
14.296696064
-6.33974619814
14.2706136101
-6.46917251988
14.2442422792
-6.597692244
14.217617676
-6.72534320556
14.1906890942
-6.85212654809
14.1633631982
-6.97801414539
14.1355865518
-7.10296438193
14.1073548131
-7.22695089303
14.0786116828
-7.34998263169
14.0492712775
-7.47210938074
14.0192547759
-7.59342106989
13.9885188126
-7.7140079554
13.9570738517
-7.83395000036
13.9248960589
-7.95332598312
13.8919349599
-8.07221105716
13.8581423987
-8.19067486656
13.8235023343
-8.30879093932
13.7879903164
-8.42664655492
13.7515472005
-8.54433187325
13.7141110306
-8.66192951792
13.6756268872
-8.77950123218
13.6360548821
-8.89708269436
13.5953855962
-9.01469994107
13.5536478942
-9.13237587532
13.5108985169
-9.25012331961
13.4671894357
-9.36794479983
13.4225376633
-9.48583062543
13.3769301
-9.60375703371
13.3303224596
-9.72169710362
13.2826448286
-9.83963914195
13.2338221662
-9.9575853536
13.1837757059
-10.0755476941
13.1324277663
-10.1935414082
13.0797518603
-10.3116027457
13.0257486962
-10.4297888055
12.9704227196
-10.5481578352
12.9137805771
-10.6667569986
12.8558103966
-10.7856193904
12.7964924839
-10.9047733696
12.7357621338
-11.0242431032
12.6735289518
-11.1440456854
12.6097149031
-11.2641845329
12.5442873848
-11.3846417728
12.4772770399
-11.5053851304
12.4087358302
-11.6263725585
12.3387222717
-11.7475590796
12.2672973081
-11.8689039216
12.1945079655
-11.9903577851
12.1203547134
-12.1118568439
12.0447718467
-12.2333314705
11.9676380058
-12.3547140213
11.8888201593
-12.4759534816
11.8082028901
-12.5970320094
11.7256981177
-12.7179636183
11.6412375003
-12.8387854239
11.5547500746
-12.9595429634
11.4661626191
-13.0802725825
11.3754354984
-13.2009913287
11.2825523329
-13.3216806605
11.1875609691
-13.4423025793
11.0905414207
-13.5628194286
10.9915456277
-13.6832096067
10.8906101852
-13.803469299
10.7877583525
-13.9235944847
10.6830029816
-14.0435658274
10.5763569002
-14.1633311191
10.4678454608
-14.2828040262
10.3574775871
-14.401878328
10.2452393478
-14.5204468522
10.1311143021
-14.6384217614
10.0150962612
-14.7557530009
9.89716979543
-14.8724127102
9.77731484973
-14.9883830591
9.6555282895
-15.1036490895
9.53183897542
-15.2181835628
9.40631535241
-15.3319582883
9.27904801096
-15.4449470327
9.15013807375
-15.5571142357
9.01969605245
-15.6684121983
8.8878431668
-15.7787821996
8.7547141908
-15.8881848004
8.62047130661
-15.9965900429
8.4852536017
-16.1039349729
8.3491661287
-16.2101074346
8.21222064317
-16.3149435715
8.07424764713
-16.4182798503
7.93483640952
-16.5199917611
7.79398760504
-16.6199960771
7.65179010733
-16.7182386892
7.50841655308
-16.8146898434
7.36406995461
-16.909346815
7.21891910085
-17.0022232525
7.07308838006
-17.0933355062
6.92666297612
-17.1827050092
6.77970429475
-17.2703452525
6.63225188394
-17.3562472795
6.48434789649
-17.4403970596
6.33605028001
-17.5227924539
6.18743413108
-17.6034477363
6.03858825713
-17.6823934757
5.88961176871
-17.7596508917
5.74060246796
-17.8352144939
5.59165635951
-17.9090617247
5.44287081695
-17.9811648241
5.29434708602
-18.0514997985
5.1461910833
-18.1200248934
4.99850971924
-18.1866920628
4.85142856901
-18.2514792247
4.70504541261
-18.3143957439
4.55944170045
-18.3754864074
4.41481888553
-18.4347907542
4.27162812134
-18.4923137984
4.12994125203
-18.5480318829
3.98981367378
-18.6019099443
3.85128610708
-18.6539225311
3.71437861267
-18.7040594175
3.57913478981
-18.7523329973
3.44563390507
-18.7987753045
3.31396609878
-18.8434171574
3.18419528171
-18.8862791052
3.0563622236
-18.9273761649
2.93048685094
-18.9667246102
2.80656777744
-19.0043466069
2.68458771544
-19.0402832734
2.56452385652
-19.0745874475
2.44634824343
-19.107324808
2.33002823788
-19.1385779888
2.21552599382
-19.1684410267
2.10279595426
-19.1970098817
1.99178082103
-19.2243439936
1.88239289059
-19.2504702551
1.77451444706
-19.2754107391
1.66801460687
-19.2992126971
1.56283702641
-19.321970934
1.45911621602
-19.3437941597
1.35725824909
-19.3647750162
1.25727510036
-19.3849765042
1.15911510771
-19.4044435675
1.06265305033
-19.4232093474
0.967726852813
-19.4412956085
0.874184371157
-19.4587285702
0.781879996383
-19.4755443282
0.690687661676
-19.4917765081
0.600499827849
-19.5074592765
0.511239393378
-19.5226338514
0.422848341055
-19.5373420902
0.335278141243
-19.5516178704
0.248483028247
-19.5654784707
0.162413276683
-19.5789171157
0.0770088911669
-19.5919192914
-0.00779713907453
-19.6044706916
-0.0920758530231
-19.6165572173
-0.175901776298
-19.6281649759
-0.25935237958
-19.6392831765
-0.342505832528
-19.6499359898
-0.425424123851
-19.6601735224
-0.508165396684
-19.6700490399
-0.590804989344
-19.6795961893
-0.673456476066
-19.6888112238
-0.756380243556
-19.6976816754
-0.840093705575
-19.7062095477
-0.924726874577
-19.7144181589
-1.01037412362
-19.7223431003
-1.09710654772
-19.7300231945
-1.18498432515
-19.7374914538
-1.27406907885
-19.7447660383
-1.36443623771
-19.7518489882
-1.45617854383
-19.7587414752
-1.54938970513
-19.7654446707
-1.64416342953
-19.7719597465
-1.74059342493
-19.7782878742
-1.83877339926
-19.7844302252
-1.93879706043
-19.7903880172
-2.04097019315
-19.7961535296
-2.14537336867
-19.8016923485
-2.25200600438
-19.8069542741
-2.3608349054
-19.8118856493
-2.47180744595
-19.81644169
-2.58486475067
-19.8205988147
-2.69995487589
-19.82435734
-2.81703835159
-19.8277193784
-2.93607335774
-19.8306871501
-3.05701634675
-19.833262982
-3.17982398095
-19.8354493066
-3.30445507009
-19.8372412535
-3.43087626082
-19.8386086942
-3.55906908103
-19.8395043334
-3.68901949311
-19.8398735291
-3.82070643196
-19.8396641131
-3.95409034314
-19.8388317276
-4.08910420404
-19.8373243273
-4.22566197952
-19.835087928
-4.36366420698
-19.8320763031
-4.50300199718
-19.8282606793
-4.64356103507
-19.8236375466
-4.78522539025
-19.8182105321
-4.92787705535
-19.8119833559
-5.07139306646
-19.8049597848
-5.2154308378
-19.7971526151
-5.35986286359
-19.7886009961
-5.50462997909
-19.7793490993
-5.64968963419
-19.7694313574
-5.79500535192
-19.7588628544
-5.94053790567
-19.7476297145
-6.08623649636
-19.7356891261
-6.23203756905
-19.7229941627
-6.37788399511
-19.7094822068
-6.52373420105
-19.6950512862
-6.66956804731
-19.6795859226
-6.8153708779
-19.662992451
-6.96111300979
-19.645244886
-7.10672786742
-19.6263899108
-7.25211196836
-19.606488422
-7.39714844712
-19.5855989199
-7.54172408117
-19.5637721701
-7.68574214207
-19.5410667012
-7.82911781228
-19.5175373647
-7.97177546269
-19.4931784707
-8.11363860795
-19.4679244789
-8.2546271114
-19.4416682689
-8.39465706597
-19.4143053488
-8.53364494724
-19.3857660308
-8.67130253812
-19.3560151272
-8.80758922336
-19.3250534046
-8.94256451487
-19.2929001822
-9.07632824061
-19.2595845016
-9.20899659912
-19.2251283021
-9.34067238942
-19.1895210485
-9.47142730758
-19.1527132787
-9.60130490762
-19.1146437911
-9.73033514772
-19.0752464196
-9.85853348443
-19.0344711063
-9.98589325917
-18.9923153736
-10.1123800197
-18.9488125855
-10.237942557
-18.9040177581
-10.3625150739
-18.8579654019
-10.4860427886
-18.8106411671
-10.6085056914
-18.7620152043
-10.7299197789
-18.7120379783
-10.8503425863
-18.6606463248
-10.9698716679
-18.6077627149
-11.088631849
-18.5533022305
-11.2067573046
-18.4972210173
-11.3243825448
-18.4395090687
-11.4416263397
-18.3801848992
-11.5585857849
-18.3192666793
-11.6753452393
-18.2567434506
-11.7921904443
-18.1925718527
-11.9091649081
-18.1266715214
-12.0262261505
-18.0589540662
-12.1433132987
-17.9893517021
-12.2603686722
-17.9178279828
-12.3773597562
-17.8443911848
-12.4942875921
-17.7690887712
-12.6111745041
-17.6919634429
-12.7280401585
-17.6130340644
-12.8448879053
-17.5323515827
-12.961696185
-17.4500017421
-13.0784336024
-17.3660410605
-13.195080728
-17.2804539147
-13.3116523056
-17.1931559739
-13.4281909764
-17.1040603772
-13.5447359656
-17.0131020652
-13.6612982674
-16.9202483411
-13.7778477776
-16.8254890875
-13.8943143557
-16.7288404582
-14.0105957839
-16.6303880269
-14.1265808165
-16.530272381
-14.2421649797
-16.4286571351
-14.3572636947
-16.3256819879
-14.4718115205
-16.2214513732
-14.5857401713
-16.1160429653
-14.6989612058
-16.0095204271
-14.8113684362
-15.9019363513
-14.9228481907
-15.7933209082
-15.0332906536
-15.6836721806
-15.1426118718
-15.5728679588
-15.2507824085
-15.4607339906
-15.3578055219
-15.3472430941
-15.4636736224
-15.2324647617
-15.568378716
-15.1165223661
-15.6719280872
-14.9995093745
-15.7743498005
-14.8814598738
-15.8756758963
-14.7623992487
-15.9759298583
-14.6423881331
-16.0751143863
-14.5215372256
-16.1732057471
-14.3999601931
-16.2701707047
-14.2777686028
-16.3659766694
-14.1550823787
-16.4605849018
-14.0320386023
-16.5539574001
-13.9087703096
-16.6460618277
-13.785340668
-16.7368652476
-13.6617347077
-16.8263351078
-13.5378714762
-16.9144349516
-13.4135433367
-17.0011321212
-13.2885294269
-17.0864133019
-13.162749256
-17.17029926
-13.0361929301
-17.2528665957
-12.9088848918
-17.3342106928
-12.7808626143
-17.4144048392
-12.6521681246
-17.4934572235
-12.5229490772
-17.5712871191
-12.3934173492
-17.6477845701
-12.2636649808
-17.722860072
-12.1337456347
-17.796439542
-12.0036785516
-17.8684777217
-11.8734244913
-17.9390168677
-11.7429459216
-18.0080924175
-11.6122218263
-18.0756579098
-11.4812177314
-18.1416653899
-11.3498873741
-18.20608307
-11.2181772952
-18.2689022942
-11.0860339337
-18.3301367476
-10.9534077544
-18.3898443793
-10.8202409186
-18.4481224889
-10.6864690337
-18.5050852909
-10.5520260458
-18.5608437656
-10.4168491322
-18.6154855088
-10.2807866748
-18.6690706031
-10.1437420756
-18.721658038
-10.0058314806
-18.7733026579
-9.86709329011
-18.8240489982
-9.72753341075
-18.8738984607
-9.58714804413
-18.9228273477
-9.44596229752
-18.9708087067
-9.30414838331
-19.017815463
-9.1619572069
-19.063834577
-9.01949702104
-19.1088784724
-8.87677815115
-19.1529742941
-8.7337370134
-19.1961539012
-8.59029963963
-19.2384317889
-8.44643955918
-19.2797441545
-8.30214147896
-19.3200420636
-8.15737855665
-19.3593624958
-8.01212765091
-19.3977498447
-7.86635195428
-19.4352385769
-7.72001560819
-19.4718465302
-7.5730915286
-19.5075747566
-7.42552523148
-19.5423870779
-7.27725297014
-19.5762116674
-7.12823412877
-19.6089687304
-6.97847583923
-19.6405981849
-6.82805826742
-19.6710867479
-6.67733648372
-19.7004635711
-6.52678432926
-19.7287592753
-6.3765789608
-19.7559956407
-6.22680409419
-19.7821543482
-6.07750543501
-19.8071981612
-5.92870914019
-19.8311007611
-5.78040949262
-19.8538765998
-5.63245187365
-19.8756051487
-5.48456612592
-19.8963846686
-5.33647781008
-19.9162872888
-5.18798759069
-19.9353685651
-5.03907913903
-19.9536567923
-4.88982909635
-19.9710951895
-4.74034935263
-19.9876349446
-4.59075682605
-20.0033099505
-4.44118255211
-20.0181626908
-4.29176229748
-20.0322343689
-4.14264481054
-20.0455657319
-3.99395673699
-20.0581978775
-3.8457718277
-20.0701538529
-3.6981414947
-20.081438331
-3.55110217387
-20.0920455551
-3.4046827953
-20.1019487139
-3.25891475787
-20.1111078487
-3.11392875066
-20.119478216
-2.96979041642
-20.1270064765
-2.82634376143
-20.1336436828
-2.68350229639
-20.1393525536
-2.54119484405
-20.1441287847
-2.39935563534
-20.1479893685
-2.25791966937
-20.1509534026
-2.11682558358
-20.1530228993
-1.97603914424
-20.1541894636
-1.83558764288
-20.1544530956
-1.69565085164
-20.1538137952
-1.5564298157
-20.1522715625
-1.41799021702
-20.1498467154
-1.28033095261
-20.1466409011
-1.14342257194
-20.1427472499
-1.00723318272
-20.1381763994
-0.871730645909
-20.1329283497
-0.736907652663
-20.1270031007
-0.60276618437
-20.1204006525
-0.469307540457
-20.1131001062
-0.336554859217
-20.1050687594
-0.204546225315
-20.0962879208
-0.0733162168797
-20.0867564218
0.0571187046079
-20.0765060592
0.186769229632
-20.0655748888
0.315784529171
-20.0539848937
0.444387834076
-20.0417565085
0.572627369595
-20.0289016583
0.700526378993
-20.01541984
0.828152703909
-20.0012996937
0.955688337464
-19.986503947
1.08325563903
-19.9709966686
1.21084301762
-19.9547520298
1.33838925901
-19.9377296613
1.46570051128
-19.9198853199
1.59258320716
-19.9011771246
1.71899367184
-19.8815628329
1.84494187706
-19.8610011665
1.97045519026
-19.8394531124
2.09556763434
-19.8168805458
2.22031526837
-19.7932448536
2.3447446997
-19.7685055566
2.46894544553
-19.7426198304
2.59305403302
-19.7155473608
2.717208358
-19.6872674801
2.84152546076
-19.657784991
2.96607077227
-19.627107448
3.09085003212
-19.5952151599
3.21585037996
-19.562019017
3.34105757263
-19.5274121762
3.46645720355
-19.4913198686
3.59203334484
-19.4537416051
3.71774560016
-19.4147165025
3.84350647624
-19.3743139918
3.9691432524
-19.3326286278
4.09437370213
-19.289770935
4.21899512305
-19.245814801
4.3429872728
-19.2007570675
4.46654736761
-19.1544205559
4.59006344426
-19.1065597934
4.71380094571
-19.0570363805
4.83781303929
-19.005788152
4.96208521083
-18.9527758303
5.08657760695
-18.8979631531
5.21124882058
-18.8412996785
5.3360938334
-18.7826998033
5.46119766878
-18.7220291796
5.58661148235
-18.659160866
5.71223758156
-18.5940355972
5.83792292125
-18.526647069
5.96351423649
-18.4570215728
6.0889056808
-18.3851992322
6.21406311439
-18.311226848
6.3390014376
-18.2351967963
6.46376182496
-18.1572172118
6.5883919747
-18.0773653351
6.71292811955
-17.9956465432
6.83739862684
-17.912030259
6.96177875435
-17.826467611
7.08592574435
-17.7388990089
7.20973084171
-17.6492209187
7.33317841762
-17.5573293796
7.45624241909
-17.4631849683
7.57877420677
-17.3669095155
7.70059555644
-17.2686910348
7.8216570424
-17.1686198182
7.94197245726
-17.0667266713
8.06156451186
-16.9630355271
8.18045767677
-16.8575761733
8.29865934605
-16.7504000764
8.41612663395
-16.6416001184
8.53270423694
-16.5313220371
8.64821256713
-16.41969992
8.7625715717
-16.3067958958
8.87576010676
-16.1926271985
8.9878152102
-16.0771983059
9.09881900076
-15.9605535299
9.20883890775
-15.8428232502
9.31789824014
-15.724163774
9.42599000901
-15.604695019
9.53308662605
-15.4844552786
9.63916437428
-15.3634399302
9.74421796701
-15.2416273847
9.84830813547
-15.118981486
9.95160742041
-14.9954681252
10.0542232002
-14.8711177282
10.1561142145
-14.7460141524
10.2570700588
-14.6203795553
10.3568283634
-14.4944965207
10.4552720106
-14.3685262702
10.552388018
-14.242529829
10.6482331411
-14.1164876583
10.7428894787
-13.9903570211
10.8364100221
-13.8641465785
10.9288108106
-13.737916795
11.0200147917
-13.6117857174
11.1099585663
-13.4858713098
11.1986938794
-13.3602505662
11.2862811828
-13.2349811227
11.3727619511
-13.1101072296
11.4581308862
-12.9856571657
11.5423238436
-12.8616152305
11.6252553331
-12.7378898322
11.7068436357
-12.614352662
11.7870199143
-12.4908907841
11.8657521395
-12.3674578808
11.9430278071
-12.2440489134
12.0188439303
-12.1206880407
12.0932009326
-11.9974432492
12.16609393
-11.8744383744
12.2375109729
-11.7518027323
12.307451894
-11.6296293365
12.3760379478
-11.5078652191
12.4434133026
-11.3863997697
12.5095783853
-11.2652308657
12.5744617651
-11.1444270584
12.6379623263
-11.0240997446
12.6999808406
-10.9043534498
12.7604636111
-10.7852221924
12.819405276
-10.666676578
12.8769001176
-10.5486253961
12.9330340718
-10.4309815373
12.9877926104
-10.3137115615
13.0411374074
-10.1968069021
13.0930146318
-10.080267942
13.1433710831
-9.96409913157
13.1921740214
-9.84830598991
13.2394254411
-9.73289775498
13.2851473808
-9.61789408824
13.3293681531
-9.50332573217
13.372099454
-9.38923539627
13.4133397107
-9.27566654113
13.4530800656
-9.16265157934
13.4913130818
-9.05018868235
13.5280509157
-8.93821613258
13.5633349765
-8.82664422854
13.5972235518
-8.71538342345
13.6297824687
-8.60433520737
13.6610723786
-8.4934064881
13.6911341304
-8.38252717888
13.7199564115
-8.27166973817
13.7474984507
-8.16082513326
13.7737337476
-8.04998580899
13.7986337015
-7.93916225002
13.8221738915
-7.82836798154
13.8443463996
-7.71761745944
13.865172168
-7.60692398093
13.8847141021
-7.49630065898
13.9030563346
-7.38575314008
13.9202824857
-7.27528111326
13.9364499639
-7.16488546646
13.9515853367
-7.05457281945
13.9656819904
-6.94436017528
13.9787097649
-6.83428200129
13.9906080126
-6.72438975882
14.001301529
-6.61474251362
14.0107191202
-6.50540222071
14.0188121696
-6.39642909297
14.0255620278
-6.28787659086
14.0309733684
-6.17979051973
14.0350605469
-6.07221857952
14.0378408437
-5.96521330407
14.0393368754
-5.85882722614
14.0395790077
-5.75310804242
14.0386093993
-5.64809157978
14.0365037787
-5.54379251011
14.0333449427
-5.44023158844
14.0291897404
-5.33744414947
14.0240906007
-5.23545837569
14.0180941984
-5.1343054896
14.0112340782
-5.03401705654
14.0035232788
-4.93462215688
13.9949506293
-4.83614686284
13.9854989687
-4.73862579791
13.9751566383
-4.64210403364
13.9639302723
-4.54663056359
13.9518349449
-4.4522511478
13.9388895234
-4.35900658425
13.9251179616
-4.26692770111
13.9105632777
-4.1760305829
13.8952752938
-4.08632389855
13.8792957394
-3.99781681258
13.8626433555
-3.91052689636
13.8453084941
-3.82448955188
13.8272565777
-3.73977189581
13.8084452825
-3.65646963555
13.7888356656
-3.57469661203
13.7683940132
-3.49457590645
13.7470892639
-3.41622291052
13.7248912452
-3.33975602348
13.7017707846
-3.2652843584
13.6776998203
-3.19286853575
13.6526515128
-3.12252586013
13.6266003551
-3.05425428822
13.5995222842
-2.98803721496
13.5713947919
-2.92384825976
13.5421970359
-2.86165618332
13.5119099507
-2.80142932263
13.4805245217
-2.7431366818
13.4480577136
-2.68674525805
13.4145504321
-2.63222029055
13.3800671593
-2.57952300185
13.3446883427
-2.52860959614
13.3085025373
-2.47943332362
13.2715985465
-2.43194764387
13.234057564
-2.38610421537
13.1959453156
-2.34185080119
13.157313696
-2.2991306543
13.1182104052
-2.25788193468
13.0786776311
-2.21803004591
13.0387506362
-2.1794874161
12.9984563448
-2.14215925426
12.9578120404
-2.10594954155
12.9168280728
-2.07077313726
12.8755099824
-2.03653916696
12.833859607
-2.00316026795
12.7918761941
-1.97059141791
12.7495575127
-1.9388243515
12.706900966
-1.90786294729
12.6639047037
-1.87771779649
12.6205687335
-1.84840077163
12.5768960345
-1.81991959525
12.5328936682
-1.79227240859
12.4885663044
-1.76544407102
12.4439038512
-1.73940899977
12.3988902159
-1.7141372285
12.3535059327
-1.68960093863
12.3077318422
-1.66577429158
12.2615528609
-1.64263275414
12.2149617495
-1.62015242386
12.1679628827
-1.59830935441
12.1205760182
-1.57707888101
12.0728305696
-1.55643346623
12.0247518816
-1.53634048097
11.9763528591
-1.51676246133
11.9276268942
-1.49765738324
11.8785515691
-1.478979172
11.8290968658
-1.46068629273
11.7792329779
-1.44274672494
11.728936017
-1.42513938748
11.6781928628
-1.40785299604
11.6270057224
-1.39088452741
11.5753864702
-1.37422746388
11.5233512512
-1.35786877071
11.4709185784
-1.3417917839
11.4181074303
-1.32597909798
11.3649353479
-1.31041545381
11.3114165327
-1.29509062633
11.2575593677
-1.28000231243
11.2033617365
-1.26515871929
11.1488051774
-1.25058184086
11.093858532
-1.23629626633
11.0384814631
-1.22232629944
10.9826277054
-1.20869553392
10.926248316
-1.19542642897
10.8692949256
-1.18253988467
10.8117229884
-1.17005481745
10.7534950338
-1.15798773556
10.6945844575
-1.14634942587
10.6349857401
-1.135133644
10.5747200708
-1.12431916323
10.5138298533
-1.11387317014
10.4523691177
-1.10374850132
10.390394516
-1.09388750861
10.3279573348
-1.08422799769
10.265095503
-1.07470914568
10.201825884
-1.06527779131
10.1381399396
-1.05589825034
10.0740002891
-1.04654586357
10.0093506989
-1.03720459099
9.94412635997
-1.0278648232
9.87826416415
-1.01852119284
9.8117124055
-1.009170386
9.74443871802
-0.999808953589
9.67642611666
-0.990428533495
9.607668395
-0.981007131782
9.5381623147
-0.971520159254
9.46790008456
-0.96194331217
9.3968621065
-0.952252996792
9.32500233093
-0.942412050472
9.25221229388
-0.932295212519
9.17838711598
-0.921785729877
9.10348373135
-0.910858261914
9.0274870989
-0.899502021744
8.95040572451
-0.887723253747
8.87226450577
-0.875543184662
8.79309783651
-0.862994392999
8.71294284494
-0.850115256626
8.63183870704
-0.83694330935
8.54982291578
-0.823511164936
8.46692618579
-0.80984283442
8.38317757695
-0.795960263187
8.29861620316
-0.781887829503
8.21329828796
-0.767658467231
8.1272872954
-0.753309831928
8.0406436446
-0.73888024973
7.95341432489
-0.724404666234
7.86562741652
-0.709910595388
7.77728927745
-0.695414068368
7.68839380624
-0.680917541348
7.59893076028
-0.666421014328
7.50889420186
-0.651924487308
7.41829121135
-0.637427960288
7.32715040278
-0.622931433268
7.23553427603
-0.60844960971
7.14357121274
-0.594086850221
7.05138574565
-0.579940991421
6.95903605654
-0.566023754311
6.86654212323
-0.552351801468
6.77388712058
-0.538953095985
6.68102507584
-0.525862846333
6.58788878957
-0.513119451223
6.49440255443
-0.500760444463
6.40049004343
-0.488818439818
6.30608609905
-0.477317075869
6.21114957252
-0.466266588419
6.11566657129
-0.455655857556
6.01965405434
-0.445460722229
5.92315171063
-0.435648248574
5.82621355064
-0.426180781034
5.72889962729
-0.417019993473
5.6312682006
-0.408130940294
5.5333655951
-0.39948610755
5.43522729267
-0.391069464063
5.33688057616
-0.382878553661
5.23834917121
-0.374913376343
5.13965750887
-0.367173932109
5.04083376549
-0.359660220959
4.94192057077
-0.352386946356
4.84301502797
-0.345458468906
4.7442086665
-0.338972625228
4.64553492948
-0.332938247719
4.54701427746
-0.327352447771
4.44866877958
-0.322198562809
4.35052871607
-0.31744862974
4.25263869012
-0.313067440092
4.15505582927
-0.309016595154
4.05783879098
-0.305258561118
3.96104210352
-0.301760724221
3.86471216231
-0.29849944588
3.76888354641
-0.295464117838
3.67357470763
-0.292654522879
3.57878357512
-0.290070661005
3.48449837075
-0.287712532215
3.39070884095
-0.285580136509
3.2974175878
-0.283673473887
3.20464672602
-0.281992544349
3.11244139901
-0.280537347895
3.02086033831
-0.279307884526
2.92996705404
-0.278304154241
2.83982161156
-0.27752615704
2.75047240818
-0.276973892923
2.66194910306
-0.27664736189
2.57425163062
-0.276531860479
2.48731513022
-0.276523028083
2.40107638272
-0.276523028083
2.31553247699
-0.276523028083
2.23070240168
-0.276523028083
2.14661997655
-0.276523028083
2.06333153807
-0.276523028083
1.98089374783
-0.276523028083
1.89937378322
-0.276523028083
1.81884962396
-0.276522876122
1.73940105088
-0.276521980613
1.66110412412
-0.276519311553
1.58403200969
-0.276513409083
1.50825456253
-0.276502392037
1.43383619563
-0.276483966496
1.36083374926
-0.276455434341
1.28929423074
-0.276413701807
1.21925211048
-0.276355288033
1.15073158911
-0.27627633362
1.08375125665
-0.27617260918
1.01832958739
-0.276039523889
0.954488516788
-0.275872134044
0.892256683129
-0.275665151611
0.831673625124
-0.275412952783
0.772793701888
-0.275109586527
0.715682019007
-0.274748783143
0.660408460396
-0.274323962816
0.607041955256
-0.273828244163
0.555644745028
-0.273254452795
0.506266650342
-0.272595129864
0.458939337973
-0.271842540618
0.413670735724
-0.270988682953
0.370446809857
-0.270025295968
0.329236693335
-0.268943868516
0.289999119196
-0.26773579972
0.252691791719
-0.266392695189
0.217275622729
-0.264906374363
0.183712619512
-0.263268870504
0.151965016284
-0.261472430702
0.121996119497
-0.259509515872
0.0937711531535
-0.257372800757
0.0672581041088
-0.255055173925
0.0424289118591
-0.252549737769
0.01926023252
-0.24984980851
-0.00226625230461
-0.246948916194
-0.0225870723739
-0.243949528697
-0.0416458646507
-0.240845224741
-0.0593751669867
-0.237628341567
-0.0757106177219
-0.234289656956
-0.0906081565264
-0.230817991903
-0.104060866073
-0.227199708231
-0.116117238056
-0.223418277845
-0.126850407688
-0.219456559009
-0.136327313234
-0.21529853148
-0.144605969956
-0.210929297671
-0.151732912889
-0.206335074097
-0.157740944818
-0.201503182823
-0.162654064476
-0.196422042911
-0.166490399725
-0.191081161866
-0.169262691635
-0.185471127082
-0.170978778563
-0.179583597294
-0.171642080236
-0.173411294018
-0.17125208183
-0.166947993004
-0.16980481805
-0.160188515678
-0.167293357211
-0.153128720592
-0.163708285319
-0.145765494872
-0.159038190148
-0.13809674566
-0.153270145324
-0.130121391567
-0.146390410081
-0.121839354116
-0.143207817002
-0.115059349363
-0.13750970303
-0.107652760207
-0.129991791625
-0.0995689356273
-0.121310247065
-0.0907880685287
-0.111524956012
-0.0813388345633
-0.100491744939
-0.0712631308686
-0.0880662181644
-0.0606028673661
-0.0741039800098
-0.0493999539777
-0.0584606347956
-0.0376963006252
-0.0409917868422
-0.0255338172302
-0.0215530404702
-0.0129544137146
0
0
