2
1000
-31.4146432714
18.078238109
-31.4144166634
18.0785388313
-31.4138584889
18.0792615002
-31.4129492051
18.0804103764
-31.4116692689
18.0819897205
-31.4099991376
18.0840037932
-31.4079192683
18.0864568549
-31.405410118
18.0893531664
-31.4024521438
18.0926969883
-31.3990258029
18.0964925811
-31.3951115523
18.1007442055
-31.3906898492
18.1054561221
-31.3857411507
18.1106325915
-31.381895659
18.1147165968
-31.3777740365
18.119058246
-31.3733360851
18.123669432
-31.3685290437
18.1285670128
-31.3632921279
18.1337713301
-31.357561071
18.139304728
-31.3512726638
18.1451900718
-31.344369295
18.1514492665
-31.3368025028
18.1581022329
-31.3285270311
18.1651699235
-31.3194987872
18.1726748853
-31.3096746523
18.1806409025
-31.2990122927
18.1890926401
-31.2874699704
18.1980552864
-31.2750063539
18.2075541965
-31.2615803292
18.2176145349
-31.2471508101
18.2282609192
-31.2316765498
18.2395170627
-31.2151159509
18.2514054174
-31.1974268768
18.2639468175
-31.1785664197
18.2771601142
-31.1584886891
18.2910616373
-31.1371449706
18.3056656676
-31.1144855676
18.3209853265
-31.0904616433
18.3370334651
-31.0649312666
18.3539096522
-31.0378661693
18.3716255501
-31.0092615726
18.3901887723
-30.9791314931
18.409605209
-30.9475023166
18.4298802812
-30.9144074529
18.4510197097
-30.879881991
18.4730302859
-30.843957354
18.4959206408
-30.8066569433
18.5197015584
-30.7680012774
18.5443822474
-30.7280092299
18.5699690674
-30.6866974137
18.5964651746
-30.6440795662
18.6238701671
-30.6001666675
18.6521822457
-30.5549684373
18.681403047
-30.5084936949
18.7115367797
-30.4607506669
18.7425891529
-30.4117472962
18.7745663059
-30.3614915499
18.807473736
-30.309991728
18.8413152281
-30.2572568142
18.876091791
-30.2032988061
18.9118007685
-30.1481326767
18.948433938
-30.0917746508
18.9859751934
-30.0342428877
19.0243973555
-29.9755711528
19.0636557523
-29.9158044334
19.1036959904
-29.8549930509
19.1444559501
-29.7931891177
19.1858664221
-29.7304447279
19.2278528155
-29.6668090657
19.2703373491
-29.6023255145
19.3132412439
-29.5370297322
19.3564868832
-29.4709564324
19.4000031951
-29.4041415637
19.4437274098
-29.3366226622
19.4876044809
-29.2684392042
19.5315865079
-29.199632958
19.5756321575
-29.1302476025
19.6197035702
-29.0603269672
19.6637605946
-28.9899144486
19.7077611855
-28.919054274
19.7516811923
-28.8477920125
19.7955182513
-28.7761741113
19.8392827633
-28.7042474729
19.8829888777
-28.6320610137
19.9266456527
-28.5596648515
19.9702472017
-28.4871078104
20.013762425
-28.4144338458
20.057147877
-28.3416772074
20.1003704453
-28.2688464312
20.1434119994
-28.1959263874
20.18625984
-28.1228838275
20.2289029697
-28.0496743147
20.2713308385
-27.9762480722
20.3135325745
-27.9025558321
20.355496214
-27.8285538421
20.3972143093
-27.7542055519
20.4386981007
-27.6794760408
20.4799678442
-27.6043311714
20.5210455291
-27.5287385715
20.5619499302
-27.4526686154
20.6026916608
-27.3760949506
20.643269874
-27.2989941025
20.6836763116
-27.221345558
20.7238983786
-27.1431318279
20.7639215123
-27.0643367111
20.8037123668
-26.984944313
20.8432178943
-26.9049391233
20.8823792051
-26.8243064522
20.921149423
-26.7430306857
20.9595003273
-26.6610958711
20.9974287581
-26.5784879851
21.0349634396
-26.4951982815
21.0721486652
-26.411225544
21.1090199069
-26.3265761363
21.1456119423
-26.2412645689
21.1819622461
-26.1553123188
21.2181118344
-26.0687449169
21.2541050384
-25.9815901164
21.2899887937
-25.8938760613
21.3258119298
-25.8056303187
21.3616176564
-25.7168820541
21.397420254
-25.6276634531
21.4332096968
-25.5380101189
21.4689808652
-25.4479598193
21.5047435665
-25.357551049
21.5405230287
-25.2668220481
21.5763587461
-25.1758107418
21.612295977
-25.084554162
21.6483777493
-24.993086056
21.6846179209
-24.901435248
21.7209901384
-24.809624976
21.7574297415
-24.7176726746
21.7938536259
-24.625591147
21.8301781629
-24.5333903165
21.8663336339
-24.4410790179
21.9022799126
-24.3486678677
21.9379990088
-24.2561709925
21.9734786754
-24.1636045926
22.0087364032
-24.0709844191
22.0438282429
-23.9783240528
22.0788244696
-23.8856329475
22.1137874498
-23.7929144744
22.1487495095
-23.7001597379
22.1837115691
-23.6073423856
22.2186672511
-23.5144271301
22.253589315
-23.4213762885
22.2884430585
-23.3281555046
22.3231936426
-23.2347403694
22.3577900646
-23.1411223597
22.3921683219
-23.0473039875
22.4262599382
-22.9532934814
22.4599904703
-22.8591003815
22.4932846858
-22.7647312077
22.5260726539
-22.6701869252
22.5583150208
-22.5754596566
22.5900123875
-22.4805240515
22.6211998781
-22.3853184297
22.651917883
-22.2897680686
22.6821917807
-22.1938142267
22.7120274331
-22.0974132766
22.7414066801
-22.0005240366
22.7703059715
-21.9031086636
22.7987214024
-21.8051384489
22.8266336634
-21.7065964111
22.8540171339
-21.607475195
22.880861929
-21.5077749024
22.9071749817
-21.4075009216
22.9329811252
-21.3066659867
22.958303407
-21.205293297
22.9831482059
-21.1034080281
23.0075431876
-21.0010289828
23.0315303631
-20.8981612413
23.0551378123
-20.7947904618
23.0783705975
-20.6908796978
23.101211205
-20.5863771878
23.1236241501
-20.4812246131
23.1455706019
-20.3753653613
23.167016337
-20.2687511756
23.1879392467
-20.1613471122
23.2083368436
-20.0531364971
23.2282337369
-19.9441297221
23.2476711488
-19.8343809431
23.2666983753
-19.7239601757
23.2853677308
-19.6129220226
23.3037282463
-19.5013067967
23.3218193676
-19.3891523838
23.3396646538
-19.2764949853
23.3572480183
-19.1633675276
23.3745127283
-19.0497958885
23.3913580787
-18.9358039209
23.4076613127
-18.8214190599
23.4233208049
-18.7066821588
23.4382784756
-18.5916571713
23.4525103567
-18.4764275638
23.4660164471
-18.3610893311
23.4787967467
-18.2457422188
23.4908524861
-18.1304798597
23.5022074556
-18.0153805921
23.5129101435
-17.9005087874
23.5230263475
-17.7859161913
23.5326317859
-17.6716430079
23.5418047093
-17.557718065
23.5506185118
-17.4441592911
23.5591343427
-17.3309626232
23.5673937177
-17.2181172105
23.5754111625
-17.1056378854
23.583186677
-16.9935556945
23.5907202612
-16.8819030253
23.5980119152
-16.7707251447
23.605061639
-16.6600804332
23.6118694325
-16.5500276227
23.6184352957
-16.4406168196
23.6247785381
-16.3318830652
23.6309247802
-16.2238495311
23.636883907
-16.1165253458
23.6426489855
-16.0099029869
23.6481951824
-15.9039552142
23.6534994502
-15.7986322177
23.6585617878
-15.6938672761
23.6633821951
-15.5895847462
23.6679606722
-15.4857108965
23.672297219
-15.3821883857
23.6763709588
-15.278983353
23.6801237498
-15.1760724115
23.683483585
-15.0734295661
23.6863883019
-14.9710124681
23.6888092917
-14.8687174302
23.6907464211
-14.7663814716
23.6921996899
-14.663872532
23.6931690982
-14.5611302281
23.6936408577
-14.4580936054
23.6935524872
-14.3547066763
23.692820004
-14.2509330188
23.6913702205
-14.1467388758
23.6891509988
-14.0420856275
23.6861085166
-13.9369353
23.6821913537
-13.8312530056
23.6773559305
-13.7250129299
23.6716003309
-13.6181961071
23.6649692701
-13.5107901967
23.6575312903
-13.4027930841
23.6493435504
-13.2942064235
23.6404300186
-13.1850286299
23.630790696
-13.075251594
23.6204255827
-12.9648591828
23.6093346786
-12.8538259536
23.5975179837
-12.7421110133
23.5849939214
-12.6296529811
23.5718022522
-12.5163871838
23.5579826932
-12.4022648528
23.5435560781
-12.2872732385
23.5285055176
-12.1714882335
23.5127863489
-12.0550944943
23.4963593468
-11.9383067443
23.4791946289
-11.8212906516
23.4612797287
-11.7041868349
23.4426525169
-11.5871036596
23.4233736527
-11.4701077803
23.4034939298
-11.3532365454
23.3830436645
-11.2365107116
23.3620550733
-11.119942035
23.3405578282
-11.0035388482
23.3185739436
-10.8873060975
23.2961126623
-10.7712508259
23.2731653449
-10.6553888543
23.249707984
-10.5397436011
23.2257159596
-10.424346584
23.2011645205
-10.3092389899
23.1760285079
-10.1944722271
23.1502820788
-10.0801056332
23.1238984302
-9.96620053731
23.0968703985
-9.85282080077
23.0692290258
-9.74004671446
23.041033357
-9.62797600633
23.01234511
-9.51672322242
22.9832000465
-9.40645219069
22.9536072861
-9.29736314726
22.9235718824
-9.18959169302
22.8930891915
-9.0831548221
22.8621539938
-8.97801033495
22.8307882212
-8.87407722644
22.7990068742
-8.77126037607
22.7668017959
-8.66947445336
22.7341476973
-8.568647711
22.7010411733
-8.46872483698
22.6675128958
-8.3696705017
22.6336256625
-8.27145853954
22.5994340669
-8.17406958071
22.5649768872
-8.07748705142
22.5302791952
-7.98168600235
22.4953657559
-7.88663216791
22.4602611895
-7.7922859575
22.4249902469
-7.6986068434
22.3895734061
-7.6055605594
22.3540118394
-7.51312332618
22.3182900051
-7.42129061559
22.2823614689
-7.33008481204
22.2461502353
-7.23954064005
22.2095763731
-7.14968871379
22.1725784267
-7.06053877679
22.1351362724
-6.97202985856
22.0972660342
-6.88402400285
22.0589857391
-6.79637782416
22.0203044304
-6.70900895558
21.9812164551
-6.62186586479
21.9416830885
-6.53492698794
21.9016706115
-6.44819271559
21.8611689042
-6.3616774324
21.8201877884
-6.27540204222
21.778720276
-6.18938331009
21.7367293969
-6.10362777521
21.694149374
-6.01814109065
21.6509262363
-5.93292890342
21.6070257116
-5.84799600959
21.5624302823
-5.76334960016
21.5171239992
-5.67899870814
21.4710915701
-5.5949533322
21.4243182059
-5.51122258249
21.3767941477
-5.42781001579
21.3285298214
-5.34471194372
21.2795533689
-5.26191225555
21.2299053494
-5.17937427208
21.179622803
-5.09704945147
21.1287365775
-5.01488773219
21.0772719487
-4.93284761202
21.0252500871
-4.85090622697
20.9726895244
-4.76906992844
20.9196136155
-4.68738194117
20.8660627531
-4.60591843838
20.8120997487
-4.52478985312
20.7578147408
-4.44413215532
20.7033071414
-4.36409340653
20.6486679507
-4.2848128955
20.5939627155
-4.20640987507
20.5392131321
-4.12898036152
20.4843953051
-4.05260809833
20.4294761838
-3.97736600837
20.3744162186
-3.9033166926
20.3191688082
-3.83051627595
20.2636808607
-3.75900977711
20.207887895
-3.68879919775
20.1516946124
-3.61985354943
20.0949905029
-3.55212163911
20.0376798013
-3.48554782771
19.9796938207
-3.42008810453
19.9210016317
-3.35572854097
19.8616194641
-3.29249954338
19.8016161061
-3.23044341948
19.7410733336
-3.16960126238
19.6800690874
-3.11001158207
19.6186729385
-3.05170943487
19.5569475504
-2.99472453168
19.494955992
-2.93907743573
19.4327597064
-2.88476926358
19.3704042952
-2.83177298513
19.3079093199
-2.78003760369
19.2452826922
-2.72949705856
19.1825346943
-2.68008665026
19.1196914614
-2.63175321069
19.0568131642
-2.58446025189
18.993998577
-2.53817768814
18.9313502063
-2.49288000818
18.8689721379
-2.44854541036
18.8069710958
-2.40515493787
18.7454575009
-2.36269991741
18.6845518269
-2.32121418839
18.6244046127
-2.28076439443
18.5651814403
-2.24143751629
18.5070335625
-2.20332543169
18.4500861541
-2.16651153869
18.3944269392
-2.13105639432
18.3400944364
-2.09698267051
18.2870713791
-2.06430276496
18.2353253382
-2.03302739386
18.1848261574
-2.00316270123
18.1355502512
-1.97470687016
18.0874789087
-1.94764775546
18.040590745
-1.92196242653
17.994863498
-1.89761673636
17.9502760113
-1.87456489029
17.9068102176
-1.85275362575
17.8644525433
-1.83213381104
17.8231946691
-1.81266244281
17.7830356472
-1.79430095338
17.7439808367
-1.7770137191
17.7060410412
-1.76077775099
17.6692327068
-1.74562530291
17.6335781208
-1.73163246028
17.5991056098
-1.71890850763
17.565855035
-1.7076100865
17.5338969439
-1.697912438
17.5033213687
-1.68997783532
17.4742184971
-1.68395359291
17.4466316842
-1.67996551924
17.4205539528
-1.67810452162
17.3959363699
-1.67841741177
17.3727004276
-1.68094427881
17.3507931099
-1.68573391926
17.3301734888
-1.69284125029
17.3108005325
-1.70232391269
17.2926327753
-1.7142388916
17.2756279875
-1.72864232034
17.2597428456
-1.74559609394
17.2449326019
-1.76517535823
17.231150755
-1.78747599875
17.2183487192
-1.81261887397
17.2064523785
-1.84073793592
17.1953506603
-1.8719712968
17.1849186198
-1.90645273799
17.1750405059
-1.94430321891
17.1656328272
-1.98562400579
17.1566344087
-2.03045864794
17.1479800516
-2.07879776411
17.139599904
-2.13058304976
17.1314135358
-2.18569091334
17.1233103559
-2.24396708502
17.1151603841
-2.30526163311
17.1068331502
-2.36943436604
17.098244251
-2.43636479065
17.0893584207
-2.50596653924
17.0801820004
-2.57819858048
17.070751788
-2.65303370516
17.0610796452
-2.73044371598
17.0511655723
-2.81039875746
17.041009569
-2.89286741888
17.0306116355
-2.9778168197
17.0199717718
-3.06521134053
17.0090801315
-3.15501131714
16.9978989414
-3.24717037658
16.9863737991
-3.34163264594
16.9744462581
-3.43832860611
16.9620901092
-3.53717963895
16.949336284
-3.63810729248
16.9362540751
-3.74103685801
16.9229042222
-3.84589691501
16.9093124384
-3.95257493525
16.8954787243
-4.06092514132
16.8814030799
-4.17079509928
16.8670855053
-4.28205231152
16.8525260005
-4.39460994493
16.8377174367
-4.50846386527
16.8225858181
-4.62363661531
16.8070641272
-4.74011472099
16.7911447083
-4.85785420147
16.7748332378
-4.97678875985
16.7581195843
-5.09683034039
16.7409655174
-5.21787267772
16.723337697
-5.33980657467
16.705226016
-5.46253315909
16.6866304745
-5.58596821122
16.6675510725
-5.71004338541
16.64798781
-5.83469876213
16.6279505333
-5.95986951578
16.6074770157
-6.08548383102
16.5866216595
-6.21146234879
16.5654666068
-6.33772639492
16.5441209594
-6.46421638509
16.5226422785
-6.59089238399
16.5010110841
-6.71773113613
16.4791728848
-6.84471539594
16.4570927552
-6.97187159307
16.4347706953
-7.09926740698
16.4122067052
-7.22698735673
16.3894007849
-7.35510977401
16.3663314031
-7.48368423671
16.3429490649
-7.61269145966
16.3192544239
-7.74209867569
16.2952428567
-7.87191639737
16.2708632949
-8.00217746371
16.2460523059
-8.13292918244
16.2207616933
-8.26423423682
16.1949703623
-8.39617892964
16.1686464738
-8.52888038701
16.1417183472
-8.6624546385
16.1141103145
-8.79698914401
16.0857791807
-8.9325270587
16.0567321025
-9.06909479151
16.027006853
-9.20672654466
15.9966578347
-9.3454771692
15.9657434941
-9.48542963827
15.9342279863
-9.62667499083
15.9018855645
-9.76928069745
15.8684998142
-9.9132849328
15.8340064562
-10.058703137
15.7984036749
-10.2055535706
15.7616806442
-10.3538669522
15.7237901476
-10.5036839308
15.6846723293
-10.6550823154
15.6442597001
-10.8081398912
15.6025033391
-10.9628538494
15.5594413834
-11.1191752689
15.5150975178
-11.277076084
15.4694351009
-11.4365427682
15.4224450928
-11.5975639514
15.3741773875
-11.7601222067
15.3246927285
-11.924199717
15.2740368198
-12.0897737223
15.2222191656
-12.2568320892
15.169206607
-12.425397371
15.1149108535
-12.5954896101
15.0592029473
-12.7671073983
15.0019131554
-12.9402522293
14.9428312318
-13.1149140185
14.8817581941
-13.291050141
14.8185504959
-13.4685637272
14.7531660331
-13.647310754
14.685771924
-13.8271299986
14.6165949534
-14.0078759862
14.5457437241
-14.1894516756
14.4732192897
-14.3717963875
14.3989486064
-14.5548555966
14.322853404
-14.7385633965
14.2448833156
-14.922806833
14.1650510841
-15.1074674113
14.0834302483
-15.2925047953
14.0000666464
-15.477921813
13.9150298442
-15.6637022528
13.8284153545
-15.8498313738
13.740223496
-16.0363035398
13.6503636152
-16.2231070265
13.5587522851
-16.4101885507
13.4653841856
-16.5974242442
13.3703449032
-16.7846249557
13.2737827321
-16.971583714
13.1758539636
-17.15817957
13.0766539355
-17.3444326479
12.9761689888
-17.5304168498
12.8743324081
-17.7161872579
12.7710684317
-17.9017327619
12.6663852273
-18.087031553
12.5604266863
-18.2720781545
12.4532924824
-18.4568817069
12.3449469903
-18.6414458756
12.2353402377
-18.8257365873
12.1244814472
-19.0096740911
12.0124468525
-19.1931450407
11.8993331479
-19.3759869487
11.78522618
-19.5580349506
11.6701588447
-19.7391716919
11.5541127289
-19.919323592
11.4370813341
-20.0984373595
11.3190734601
-20.2764659712
11.2000768186
-20.4533634475
11.0800812812
-20.6290960213
10.9591111565
-20.8036463
10.8371921395
-20.9770152761
10.7143169819
-21.1491954106
10.5904835233
-21.3201293063
10.4657344253
-21.4897284468
10.3401552921
-21.6578761248
10.2138874381
-21.8243823036
10.0871805298
-21.989035048
9.96031545195
-22.1516828628
9.83348804419
-22.3123095491
9.70671032729
-22.4710187959
9.57980143731
-22.6279515895
9.45256145358
-22.7831943925
9.32489814368
-22.9367381169
9.19677617217
-23.0885244236
9.06819698572
-23.2384914386
8.93916553281
-23.3866172345
8.80966829074
-23.5329748682
8.67967450515
-23.6777190464
8.54915831949
-23.821001558
8.41809473791
-23.962920827
8.28642210544
-24.1034930564
8.15406329813
-24.2426370552
8.02096831732
-24.3802378595
7.88708181191
-24.5161861761
7.75240214636
-24.6504274169
7.61687023257
-24.7829634103
7.48038942899
-24.9138603402
7.34283378912
-25.0432187826
7.20407687278
-25.1711138448
7.06403959345
-25.2975186869
6.92276645905
-25.4223597866
6.78036426727
-25.5455655472
6.6369558133
-25.6670964176
6.49264668594
-25.786885272
6.34754237897
-25.9047931488
6.20174753262
-26.0206690762
6.05535943456
-26.1344183662
5.90845998965
-26.2460281888
5.76110983194
-26.3555281434
5.61334779081
-26.462960716
5.46520565394
-26.5683497655
5.31672337546
-26.6716706436
5.16796026349
-26.7728291945
5.01898001204
-26.871694533
4.86986249157
-26.9681488214
4.72070379228
-27.0621371333
4.57162647705
-27.1536888598
4.42278004405
-27.2428471696
4.27433586261
-27.3296295849
4.1263529777
-27.4139962738
3.97881928713
-27.4958766593
3.83135954393
-27.5752122312
3.68385859744
-27.6519917857
3.53623316758
-27.7262492144
3.38840675436
-27.7980915811
3.24023416127
-27.8676616505
3.09154241837
-27.9350731072
2.94219851398
-28.0003539099
2.79215582662
-28.0634474901
2.64139082735
-28.1242745333
2.48981709694
-28.1827927855
2.33730255837
-28.2390204564
2.18382075708
-28.2930023392
2.0293806868
-28.344791931
1.87401637027
-28.3944375747
1.71777636472
-28.4419693741
1.56071404938
-28.48736879
1.40285228665
-28.5305899811
1.24416932962
-28.5715998428
1.08458416848
-28.6104177268
0.923843264701
-28.6471320108
0.761657346816
-28.6818376532
0.597963020382
-28.7146120484
0.432697147669
-28.745496547
0.26588775736
-28.7745172353
0.0977119368512
-28.8017035127
-0.0712738342553
-28.8270979786
-0.240822989183
-28.8507294562
-0.410803030471
-28.8726081662
-0.581192580422
-28.8926465941
-0.752211179709
-28.9107019706
-0.924231309376
-28.9267983327
-1.09738959574
-28.9410013764
-1.27176969602
-28.9534554371
-1.44740081077
-28.9643275288
-1.62420759599
-28.9737406027
-1.80205917718
-28.9817326219
-1.98092294334
-28.9883007135
-2.16080139615
-28.9934249742
-2.34171888394
-28.9970921186
-2.52371565679
-28.9993202298
-2.70684267651
-29.0001860336
-2.8911296269
-28.9997969385
-3.076574856
-28.9982498028
-3.2631417787
-28.9955897024
-3.45065352145
-28.991791743
-3.63892688701
-28.9868218876
-3.82799124106
-28.9806597387
-4.01780243953
-28.9733245482
-4.20824803618
-28.9648529748
-4.39888410245
-28.9552708719
-4.58955881048
-28.9445737641
-4.78017315977
-28.9327441847
-4.97065489526
-28.919731221
-5.16093225908
-28.9055301288
-5.3507868967
-28.8901773717
-5.53991269678
-28.873564787
-5.72825300169
-28.8555720776
-5.91578743333
-28.8360664252
-6.10243260522
-28.8149227966
-6.28802833033
-28.7920375861
-6.47245630928
-28.7673497849
-6.65560573674
-28.7408300105
-6.83738074768
-28.7124611388
-7.01770790187
-28.6822189354
-7.19654820968
-28.6500529184
-7.37388202458
-28.6158819466
-7.54971106298
-28.579603152
-7.72404278126
-28.5411014409
-7.89672165995
-28.5002590016
-8.06747317228
-28.4569648122
-8.23611637852
-28.4111206582
-8.4024731153
-28.3626359856
-8.56643384114
-28.3114232618
-8.72805289476
-28.2573953602
-8.88781192086
-28.200469332
-9.0459644834
-28.1405710271
-9.20270863759
-28.077637492
-9.35813438199
-28.0117260443
-9.51203838962
-27.9430003439
-9.66401346925
-27.8714950539
-9.81387116582
-27.7972266319
-9.96147758034
-27.7201965496
-10.1067518164
-27.6403841984
-10.24973954
-27.5577021154
-10.3906710611
-27.4720173797
-10.5298618533
-27.3833138012
-10.6674374675
-27.291625067
-10.8034616349
-27.1970002377
-10.9379588184
-27.0994778137
-11.0709162855
-26.9990745588
-11.2023159576
-26.8957835527
-11.3321534954
-26.7895882706
-11.4604433852
-26.6804792191
-11.5873633778
-26.5684705637
-11.7131698141
-26.4536022921
-11.8379837974
-26.3359207174
-11.9619271497
-26.2154756576
-12.0850902328
-26.0923150594
-12.2075089845
-25.9664939045
-12.3291614654
-25.8380804713
-12.4499612132
-25.7071492445
-12.5697944566
-25.5737933281
-12.6885912693
-25.438031013
-12.8065379995
-25.2998012669
-12.9240026341
-25.1591622453
-13.0411198574
-25.0161796541
-13.1579405111
-24.8709345667
-13.2744555405
-24.7235146969
-13.3906516666
-24.574052009
-13.5064493365
-24.4227063187
-13.6216256472
-24.269525558
-13.7361301543
-24.1145213318
-13.8499664282
-23.9577003642
-13.9631484477
-23.7990873701
-14.0756759155
-23.6387332368
-14.1874901807
-23.4766795089
-14.2985261916
-23.3128836021
-14.4089817968
-23.1474729967
-14.5186795717
-22.9805969668
-14.6274866171
-22.8123803401
-14.7353498148
-22.642917638
-14.8422493481
-22.4722848727
-14.9481939978
-22.3005585934
-15.0531996122
-22.1278090874
-15.1572523292
-21.9540935868
-15.2603056435
-21.7794642003
-15.3623027181
-21.6039576456
-15.4632049871
-21.4275893571
-15.5629936592
-21.2503846625
-15.6616368619
-21.0724047153
-15.7591003663
-20.8937391285
-15.8553819228
-20.7145211158
-15.9504851801
-20.5349696342
-16.0442865992
-20.35536446
-16.1365021475
-20.1758536323
-16.2270469218
-19.9964804097
-16.3159014412
-19.8171141835
-16.4030593043
-19.637491543
-16.4885388275
-19.4573056222
-16.5725158767
-19.2764465145
-16.6550246937
-19.0949837828
-16.7360015229
-18.9131258357
-16.8150920445
-18.7308599986
-16.8923403978
-18.5479991549
-16.9679568998
-18.364403552
-17.0420484498
-18.1800488331
-17.1146167169
-17.9949463237
-17.1856341877
-17.8090691854
-17.2550621528
-17.622236876
-17.3228966999
-17.4342873994
-17.3891707151
-17.2451958126
-17.4539201971
-17.0549961257
-17.5171341461
-16.8637654407
-17.5787284144
-16.6715876772
-17.6385976632
-16.4785463871
-17.6966596435
-16.2847000736
-17.7528670216
-16.0900608793
-17.8071973525
-15.8945461343
-17.8597528262
-15.6979766148
-17.9108045474
-15.5001885693
-17.9604595269
-15.3009772166
-18.0087723017
-15.1004496404
-18.0557469221
-14.8988840784
-18.1013221394
-14.6966529126
-18.1452925908
-14.4940195992
-18.18759878
-14.2912507108
-18.2279779507
-14.0884356749
-18.2665486083
-13.8856754357
-18.3034169303
-13.6831828916
-18.3385023083
-13.4811165353
-18.3717784085
-13.2795251918
-18.403276463
-13.0783923414
-18.4329591548
-12.8776924469
-18.4606978278
-12.677541817
-18.4863359865
-12.4780629008
-18.5097640968
-12.2792916598
-18.5309773981
-12.0812270251
-18.5500311519
-11.8838430607
-18.5670244293
-11.6871095256
-18.5820646817
-11.4909723236
-18.595232005
-11.2953502578
-18.6065758582
-11.1001493664
-18.6161337295
-10.905307324
-18.6239169968
-10.7108347845
-18.6298975636
-10.5168949873
-18.6340191518
-10.3239086931
-18.636222402
-10.1322579989
-18.6364597664
-9.94233692317
-18.6345665526
-9.75433322572
-18.6305219078
-9.56824649184
-18.624380536
-9.38390448983
-18.6164637951
-9.20129782984
-18.6067087993
-9.02054920928
-18.5948830435
-8.84172919561
-18.580819126
-8.66480533904
-18.5644370702
-8.4897431579
-18.5456822332
-8.31660104752
-18.5245681314
-8.14563769721
-18.5011907427
-7.97711403085
-18.4756679976
-7.81114702593
-18.4480789773
-7.6477717411
-18.4184201107
-7.48699522265
-18.3866758036
-7.32882743621
-18.3528409676
-7.17326851466
-18.3169155585
-7.02032687303
-18.2789054018
-6.87004139094
-18.238824135
-6.72248284608
-18.1966950557
-6.57774458567
-18.1525474898
-6.43597808835
-18.1064121313
-6.29739453026
-18.0583183272
-6.16190106247
-18.0083261623
-6.02923936846
-17.9565531275
-5.89906261808
-17.9032544444
-5.77116830741
-17.8484774789
-5.6454544841
-17.7921757709
-5.5218465268
-17.7342994019
-5.40024997269
-17.6748049326
-5.28048184476
-17.613816886
-5.16243947132
-17.5514124872
-5.04613871099
-17.4875922882
-4.93164412255
-17.4224038835
-4.81901313491
-17.3559787983
-4.70815913618
-17.2884865536
-4.59897793669
-17.2200760982
-4.49143124544
-17.1508289003
-4.38548974324
-17.0807941874
-4.28111815304
-17.0100010694
-4.17826058163
-16.9384554204
-4.07686424365
-16.8661492644
-3.97687371115
-16.793063872
-3.87822072523
-16.7191716477
-3.78080279744
-16.6444263486
-3.68445704031
-16.5687343124
-3.58892624262
-16.4919821586
-3.49386767411
-16.4140728056
-3.39914404548
-16.3349260111
-3.30468963707
-16.254461621
-3.21048112249
-16.1726406369
-3.11652030023
-16.0895004342
-3.02283933691
-16.0051425209
-2.92950702107
-15.9196806335
-2.83661252047
-15.8332305737
-2.74425198746
-15.7459038756
-2.65250914771
-15.6577976389
-2.56143714476
-15.5689993633
-2.47103010756
-15.4795504645
-2.38122609485
-15.3894167065
-2.29193900882
-15.2985349561
-2.20307605435
-15.2068721284
-2.11457310338
-15.1144551132
-2.02637773318
-15.0213137348
-1.93845356186
-14.9274497684
-1.85079409666
-14.8328370056
-1.76343818465
-14.7374140656
-1.67645023512
-14.6408844615
-1.58989792101
-14.5429650514
-1.50383110257
-14.4436078817
-1.41827924681
-14.3428487334
-1.33325715755
-14.2407728426
-1.2487663465
-14.1374723482
-1.16479655015
-14.0330076833
-1.08135071493
-13.9274246437
-0.998434058801
-13.8207807912
-0.916044597006
-13.7131431779
-0.834164167664
-13.6045790566
-0.752756951675
-13.4951471594
-0.671774981957
-13.3848880118
-0.591160850065
-13.2738113923
-0.510857074926
-13.1619041998
-0.430814407955
-13.049140129
-0.351001119929
-12.9354806657
-0.271398794465
-12.8208719517
-0.192010881728
-12.7052519011
-0.112886079573
-12.5885459978
-0.0341136479855
-12.4706762044
0.0441990260108
-12.3515572929
0.121951266646
-12.2311097329
0.199062165274
-12.109285124
0.275485101493
-11.9860993014
0.351187036033
-11.8618518779
0.426121967971
-11.7368714486
0.500186451422
-11.611330123
0.57321842158
-11.4853988238
0.64504264943
-11.3592206223
0.715515728621
-11.2328917308
0.784541244667
-11.1064774034
0.852073776271
-10.9800161402
0.918092832522
-10.8535090192
0.982589259836
-10.7269223679
1.04555938737
-10.6001950063
1.10700336667
-10.4732317072
1.16692640341
-10.3458363814
1.22533397258
-10.2178600281
1.28222751434
-10.0892509233
1.33759899093
-9.95999346821
1.39143251962
-9.83009377578
1.44370475289
-9.69956412073
1.49437115165
-9.56839800897
1.54337942845
-9.43657748891
1.59068912944
-9.30409060637
1.63628050205
-9.1709657814
1.68016069337
-9.03728668624
1.72238125516
-8.90318304057
1.76302029971
-8.76901169691
1.80216196615
-8.63508538954
1.83986904503
-8.50146833295
1.87617728034
-8.36813436992
1.91110235106
-8.23500299295
1.94464249379
-8.10198363809
1.97678159919
-7.96901227993
2.00751563986
-7.83604825744
2.03683351265
-7.70305297419
2.06471171387
-7.56999346449
2.0911188334
-7.43685019882
2.11602004885
-7.30362488934
2.13937742541
-7.17036207762
2.16114732364
-7.03723099785
2.18128103124
-6.90439136914
2.19971496897
-6.77193741483
2.21637814398
-6.63995041477
2.23120229192
-6.50850949165
2.24413408731
-6.37770391083
2.25516146087
-6.24765476105
2.26431274684
-6.11850439312
2.27163802433
-5.99041339769
2.27718469279
-5.86354796006
2.28098152499
-5.73803911316
2.28301957248
-5.61394324217
2.28327063968
-5.49102461044
2.28170845919
-5.36902878566
2.27833985502
-5.24790217275
2.27322218092
-5.1276149414
2.26643849483
-5.00815760069
2.25807272739
-4.88953059702
2.24818431527
-4.77173392004
2.2367900032
-4.65475915258
2.22389898252
-4.53860740743
2.20952325969
-4.42329810206
2.19367820594
-4.30887349387
2.17638310691
-4.19541324993
2.15766171229
-4.08310558936
2.13754278548
-3.97210749446
2.11606353524
-3.86248747693
2.09328354848
-3.75428174717
2.06927920358
-3.64750863747
2.04413000907
-3.54218098457
2.01791053223
-3.43831863168
1.99068277337
-3.33594566355
1.96248854021
-3.23508598645
1.9333525928
-3.13574537089
1.90329155436
-3.03790359494
1.87231434466
-2.94153468937
1.84042590427
-2.84662588676
1.80762873245
-2.75319455663
1.77392441333
-2.66127035825
1.73931514213
-2.57088917109
1.70380525132
-2.48209002975
1.66740273682
-2.39491205986
1.63012078419
-2.30939843351
1.59198210154
-2.22559979376
1.5530313775
-2.14357327254
1.51333255958
-2.06337357348
1.47296398342
-1.9850440242
1.43201350213
-1.90860762854
1.39057361551
-1.83404808452
1.3487365994
-1.76123422951
1.30659174188
-1.69005521164
1.26423274293
-1.62047348328
1.22138828487
-1.5517894437
1.17819457241
-1.48392287305
1.13478110132
-1.41680515012
1.09122410276
-1.35040401052
1.04754169072
-1.28478694101
1.00372170698
-1.22010714963
0.959746735848
-1.1565369749
0.915627506884
-1.0941867343
0.871443461297
-1.03312348435
0.827340202283
-0.973421934151
0.78349932497
-0.915151954089
0.740096084089
-0.85836537967
0.697243541178
-0.803081990268
0.6550129726
-0.749308404576
0.613483357556
-0.697059891544
0.572742150906
-0.646358402849
0.532882910655
-0.597230745805
0.493993789895
-0.549710314366
0.456158603914
-0.503838111915
0.419459977673
-0.459663441581
0.383982493281
-0.417244596547
0.349815837472
-0.376649550359
0.317057949079
-0.337956647246
0.285816059593
-0.301255497474
0.248365839939
-0.255159409644
0.21246397006
-0.213268581038
0.177901053772
-0.176513771644
0.145383079233
-0.144412119434
0.116028103756
-0.115805140567
0.0900429959568
-0.0900420507082
0.066702461348
-0.066702461348
0.0460368968999
-0.0460368968998
0.0285392454126
-0.0285392454126
0.0147041300146
-0.0147041300146
0.0050261738343
-0.0050261738343
0
0
