2
1000
19.6296296296
24.4444444444
19.6296296296
24.4443929898
19.6296296296
24.4442669467
19.6296296296
24.4440627157
19.6296296296
24.4437766972
19.6296296296
24.443405292
19.6296296296
24.4429449005
19.6296296296
24.4423919234
19.6296296296
24.4417427613
19.6296296296
24.4409938146
19.6296296296
24.4401414841
19.6296296296
24.4391821702
19.6296296296
24.4381122735
19.6296296296
24.4372789651
19.6296296296
24.4363915271
19.6296296296
24.4354496326
19.6296296296
24.4344529905
19.6296296296
24.4334013461
19.6296296296
24.4322944802
19.6296296296
24.43113221
19.6296296296
24.4299143884
19.6296296296
24.4286409045
19.6296296296
24.4273116833
19.6296296296
24.4259266858
19.6296296296
24.424485909
19.6296296296
24.4229893859
19.6296296296
24.4214371855
19.6296296296
24.4198294128
19.6296296296
24.4181662088
19.6296296296
24.4164477504
19.6296296296
24.4146742506
19.6296296296
24.4128459584
19.6296296296
24.4109631587
19.6296296296
24.4090261725
19.6296296296
24.4070353567
19.6296296296
24.4049911043
19.6296296296
24.4028938442
19.6296296296
24.4007440414
19.6296296296
24.3985215749
19.6296296296
24.3962255449
19.6296296296
24.3938550516
19.6296296296
24.3914091951
19.6296296296
24.3888870755
19.6296296296
24.3862877931
19.6296296296
24.3836104479
19.6296296296
24.38085414
19.6296296296
24.3780179697
19.6296296296
24.375101037
19.6296296296
24.3721024422
19.6296296296
24.3690212853
19.6296296296
24.3658566665
19.6296296296
24.362607686
19.6296296296
24.3592734439
19.6296296296
24.3558530403
19.6296296296
24.3523455753
19.6296296296
24.3487501492
19.6296296296
24.3450658621
19.6296296296
24.341291814
19.6296296296
24.3374271053
19.6296296296
24.3334708359
19.6296296296
24.3294221061
19.6296296296
24.3252800159
19.6296296296
24.3210436656
19.6296296296
24.3167121552
19.6296296296
24.312284585
19.6296296296
24.307760055
19.6296296296
24.3031376655
19.6296296296
24.2984161077
19.6296296296
24.2935859894
19.6296296296
24.2886279139
19.6296296296
24.2835137841
19.6296296296
24.2782081061
19.6296296296
24.2726692929
19.6296296296
24.2668509679
19.6296296296
24.2607032691
19.6296296296
24.254174152
19.6296296296
24.247210694
19.6296296296
24.2397603977
19.6296296296
24.2317724947
19.6296296296
24.2231992493
19.6296296296
24.2139970947
19.6296296296
24.2041254625
19.6296296296
24.1935454752
19.6296296296
24.1822189554
19.6296296296
24.1701074347
19.6296296296
24.1571711628
19.6296296296
24.1433681168
19.6296296296
24.1286530101
19.6296296296
24.1129763012
19.6296296296
24.0962832036
19.6296296296
24.0785126939
19.6296311527
24.059595237
19.6296593147
24.0394344099
19.6297622124
24.0179167966
19.6300006809
23.9949244943
19.6304380526
23.9703443951
19.6311299143
23.9440774679
19.6321138661
23.9160480406
19.6334001611
23.8862124859
19.6349887993
23.8545485434
19.6368797807
23.8210453579
19.6390731052
23.7856998345
19.6415687728
23.7485129949
19.6443667837
23.7094863328
19.6474671376
23.6686181698
19.6508698348
23.6259001786
19.6545748751
23.5813162129
19.6585822585
23.5348413006
19.6628919852
23.4864422399
19.6675040549
23.436080628
19.6724184679
23.3837159338
19.677635224
23.3293085697
19.6831543232
23.2728229641
19.6889757657
23.2142306337
19.6950995512
23.1535130518
19.70152568
23.0906613948
19.7082526288
23.0256779519
19.7152552818
22.9586018399
19.7224855424
22.8895079574
19.7298825752
22.8184943504
19.7373830481
22.7456695766
19.7449313741
22.671140071
19.7524899531
22.5949988838
19.7600485321
22.5173171694
19.7676071111
22.4381508279
19.7751656901
22.3575461625
19.7827242691
22.2755392188
19.790282848
22.1921551254
19.797841427
22.1074074327
19.8054058481
22.0212949928
19.8130090448
21.9337963322
19.8207040244
21.8448796817
19.8285535589
21.7545142902
19.8366198778
21.6626798202
19.844954359
21.5693733089
19.853587221
21.4746160871
19.8625224261
21.3784579081
19.8717599744
21.2809646101
19.8812998659
21.18221289
19.8911421005
21.0822872235
19.9012851552
20.9812811922
19.9117039141
20.879314941
19.9223502805
20.7765238348
19.9331634192
20.6730445058
19.944079998
20.5690041238
19.9550444299
20.4645096748
19.9660191148
20.3596386886
19.9769937997
20.2544321225
19.9879684845
20.1489047983
19.9989431694
20.0430593354
20.0099178543
19.9368940331
20.0208925391
19.8304107543
20.031867224
19.7236227561
20.0428419089
19.616558026
20.0538107517
19.509264676
20.0647408188
19.4018209448
20.0755791031
19.2943295157
20.0862628324
19.1869086054
20.0967297774
19.0796806198
20.1069285601
18.9727607662
20.116828962
18.8662456657
20.1264270207
18.7602047545
20.1357227362
18.6546886879
20.1447161086
18.5497328582
20.1534071379
18.4453594444
20.161797347
18.3415777965
20.169911852
18.2383677819
20.1777987494
18.1356841378
20.1855188745
18.0334691877
20.1931355596
17.9316655592
20.2007043916
17.8302288931
20.2082629706
17.7291377313
20.2158215495
17.6283977186
20.2233801285
17.528030223
20.2309387075
17.428061194
20.2384972865
17.3285184749
20.2460558655
17.2294297506
20.2536144445
17.1308205488
20.2611671814
17.0327193622
20.2686811426
16.9351679874
20.2761033211
16.8382142328
20.2833709445
16.7418980736
20.2904217836
16.6462412625
20.2972044604
16.5512438839
20.3036887564
16.4568809501
20.3098707092
16.3631017876
20.3157503189
16.2698458901
20.3213275854
16.1770511249
20.3266025087
16.0846577708
20.3315750889
15.9926120808
20.336245326
15.900867498
20.3406132198
15.809383432
20.3446787706
15.7181265472
20.3484419781
15.6270720704
20.3519028425
15.5362050902
20.3550613638
15.445520408
20.3579175418
15.3550208278
20.3604713768
15.2647172579
20.3627228685
15.1746246867
20.3646720171
15.084758979
20.3663188226
14.9951347328
20.3676632848
14.9057603118
20.368705404
14.8166365351
20.369451022
14.7277531415
20.3699330726
14.6390783399
20.3702045627
14.5505638881
20.3703282648
14.4621567527
20.370366408
14.3738092301
20.3703703704
14.2854845592
20.3703703704
14.1971612215
20.3703703704
14.1088354465
20.3703703704
14.0205093301
20.3703703704
13.9321840537
20.3703703704
13.8438576948
20.3703703704
13.755523447
20.3703703704
13.6671705687
20.3703703704
13.5787883218
20.3703703704
13.4903664323
20.3703703704
13.4018930264
20.3703703704
13.3133522626
20.3703703704
13.2247234149
20.3703703704
13.1359828885
20.3703703704
13.0471066663
20.3703703704
12.9580735014
20.3703703704
12.868865629
20.3703703704
12.7794656475
20.3703703704
12.6898483575
20.3703703704
12.5999729675
20.3703703704
12.5097882541
20.3703703704
12.4192398864
20.3703703704
12.3282827025
20.3703703704
12.2368914485
20.3703703704
12.1450670087
20.3703703704
12.0528387161
20.3703703704
11.9602499529
20.3703703704
11.8673534213
20.3703703704
11.7742063177
20.3703703704
11.6808675178
20.3703703704
11.5873921142
20.3703703704
11.4938282723
20.3703703704
11.4002170537
20.3703703704
11.3065897045
20.3703703704
11.212966083
20.3703703704
11.1193583246
20.3703703704
11.025773484
20.3703703704
10.9322153685
20.3703703704
10.8386863718
20.3703703704
10.7451892198
20.3703703704
10.6517276299
20.3703703704
10.5583059083
20.3703703704
10.4649314247
20.3703703704
10.3716251528
20.3703703704
10.2784281871
20.3703703704
10.1853949033
20.3703703704
10.0925873043
20.3703703704
10.0000643942
20.3703703704
9.90787164132
20.3703703704
9.81603494957
20.3703703704
9.72455986219
20.3703703704
9.6334477938
20.3703703704
9.54269898169
20.3703703704
9.4523134421
20.3703703704
9.36229192656
20.3703703704
9.27263687814
20.3703703704
9.18335065853
20.3703703704
9.09443051931
20.3703703704
9.00586586485
20.3703703704
8.91764027856
20.3703703704
8.82973159443
20.3703703704
8.74211330112
20.3703703704
8.65475675487
20.3703703704
8.56763339247
20.3703703704
8.48071694418
20.3703703704
8.39398598993
20.3703703704
8.30742971158
20.3703703704
8.22105863386
20.3703703704
8.13491050513
20.3703703704
8.04904183423
20.3703703704
7.96351649207
20.3703703704
7.87839586416
20.3703703704
7.79372932037
20.3703703704
7.70954613262
20.3703703704
7.62585131314
20.3703703704
7.54263816245
20.3703703704
7.45989114677
20.3703703704
7.37758940786
20.3703703704
7.29571028349
20.3703703704
7.21423329085
20.3703703704
7.13314378035
20.3703703704
7.05243560879
20.3703703704
6.97211409637
20.3703703704
6.89219901084
20.3703703704
6.81271988478
20.3703703704
6.73371188867
20.3703703704
6.65521251299
20.3703703704
6.57725825015
20.3703703704
6.49988127653
20.3703703704
6.42310613453
20.3703703704
6.34694641453
20.3703703704
6.27140143693
20.3703703704
6.1964452488
20.3703703704
6.12201696873
20.3703703704
6.04803049813
20.3703703704
5.97438708983
20.3703703704
5.90098513702
20.3703703704
5.82773111334
20.3703703704
5.75455051381
20.3703703704
5.68139487586
20.3703704668
5.60823074598
20.3703786052
5.53503589
20.3704137949
5.46179628948
20.3705037176
5.38850448407
20.3706823357
5.31515745117
20.3709875012
5.24175481495
20.371458564
5.16829830287
20.3721339803
5.09479239303
20.3730489216
5.02124272469
20.3742328829
4.94765677287
20.3757072912
4.87404319056
20.3774831144
4.80041034194
20.3795612807
4.72676475725
20.3819417901
4.65311014082
20.3846246427
4.57944757089
20.3876098385
4.50577576675
20.3908973775
4.43209135588
20.3944872596
4.35838959799
20.3983794848
4.28466876938
20.4025740532
4.21093240737
20.4070709648
4.1371888322
20.4118702195
4.06345035171
20.4169718174
3.98973101815
20.4223757585
3.91604436826
20.4280820427
3.84239878624
20.4340905736
3.76879316455
20.4403934058
3.69521752086
20.4469715297
3.62165481319
20.4537972639
3.54808094619
20.4608366458
3.47446510691
20.4680518235
3.40077108128
20.4754034471
3.32695830965
20.4828530602
3.25298141118
20.4903654915
3.1787915676
20.4979112461
3.10433902885
20.5054688967
3.02957564829
20.5130274757
2.95445741778
20.5205860547
2.87894708129
20.5281446337
2.80301619524
20.5357032127
2.72664599709
20.5432617916
2.64982820666
20.5508203706
2.57256628423
20.5583789496
2.49488074353
20.5659375286
2.41680784737
20.5734961076
2.33839257386
20.5810546866
2.25968438303
20.5886132656
2.1807332801
20.5961718446
2.10158587874
20.6037304235
2.0222814803
20.6112889061
1.94285056241
20.6188393467
1.86331642255
20.626362736
1.7836964843
20.6338313923
1.70400225742
20.6412113531
1.62423946874
20.6484647666
1.5444036519
20.6555522829
1.46448048333
20.6624354455
1.38444850538
20.6690790832
1.3042821956
20.6754537009
1.22395560558
20.6815378716
1.14344534486
20.6873206274
1.06273353553
20.6928010401
0.981810845054
20.6979791096
0.900678966109
20.702854836
0.819351342815
20.7074282192
0.737849158342
20.7116992592
0.656197492476
20.7156679561
0.574421429536
20.7193343099
0.492538111435
20.7226983204
0.410554422269
20.7257599878
0.328467519745
20.7285193121
0.246265366614
20.7309762932
0.163927262099
20.7331309311
0.0814243892752
20.7349832259
-0.00128094593465
20.7365332739
-0.0842342695011
20.7377890208
-0.167484218167
20.7387694758
-0.251078929466
20.7395023206
-0.335061085697
20.7400215177
-0.419462665767
20.740364919
-0.504295485469
20.7405718745
-0.589547464665
20.7406808403
-0.675183702126
20.7407269879
-0.76115852306
20.7407398124
-0.847421355559
20.7407407407
-0.933921518418
20.7407407407
-1.02061300896
20.7407407407
-1.10745936928
20.7407407407
-1.19443799931
20.7407407407
-1.28154271642
20.7407407407
-1.36878157629
20.7407407407
-1.45617486384
20.7407407407
-1.54375413122
20.7407407407
-1.63155809043
20.7407407407
-1.71962864464
20.7407407407
-1.80800714527
20.7407407407
-1.89673064904
20.7407407407
-1.98582817507
20.7407407407
-2.07531697787
20.7407407407
-2.16519751201
20.7407407407
-2.25545023526
20.7407407407
-2.34603950826
20.7407335597
-2.43691808714
20.7406971449
-2.52803140367
20.7405981806
-2.61931686502
20.7403957643
-2.71070887592
20.7400450826
-2.8021462536
20.7395010875
-2.89357722817
20.7387221729
-2.98495347025
20.7376738502
-3.07623028966
20.7363324249
-3.16736792279
20.7346886725
-3.25833281994
20.7327425769
-3.3490976512
20.7304941381
-3.43964142261
20.7279433562
-3.52994693403
20.7250902311
-3.61999840987
20.7219347629
-3.70977953703
20.7184769515
-3.79927086291
20.7147167969
-3.88845033892
20.7106542992
-3.97729372518
20.7062894583
-4.06577476956
20.7016222743
-4.15386538662
20.6966527471
-4.24153583667
20.6913808767
-4.32875121926
20.6858066632
-4.41548078583
20.6799301065
-4.5017106296
20.6737512067
-4.58744118823
20.6672771448
-4.67268423191
20.6605299734
-4.75746006419
20.6535430083
-4.84179970298
20.6463571522
-4.92574133936
20.6390172183
-5.00932213031
20.6315682546
-5.09257693796
20.6240518672
-5.175542058
20.6165025448
-5.25825303607
20.6089439819
-5.34074248419
20.6013854029
-5.42303789716
20.5938268239
-5.50516075043
20.5862682449
-5.5871254877
20.5787096659
-5.66894116679
20.5711510869
-5.75061293272
20.5635925079
-5.83214382394
20.5560339289
-5.91353911505
20.54847535
-5.9948087916
20.540916771
-6.0759684371
20.533358192
-6.15703889016
20.525799613
-6.23804588452
20.518241034
-6.31901968921
20.510682455
-6.39999843407
20.503123876
-6.48101861626
20.495565297
-6.56210222942
20.488011798
-6.64325883353
20.4804669819
-6.72448981468
20.4729304084
-6.80579283868
20.4653984511
-6.88716599049
20.4578651538
-6.96861191354
20.4503230879
-7.0501442222
20.4427642092
-7.13178696775
20.4351807149
-7.2135691152
20.4275624431
-7.29552531939
20.4198871397
-7.37769660815
20.4121249641
-7.46013094555
20.4042472009
-7.54288307686
20.3962257949
-7.62601236044
20.3880328702
-7.7095805968
20.3796402492
-7.79364985764
20.3710189714
-7.87827957437
20.3621388129
-7.96352109033
20.3529678048
-8.04941408075
20.3434698854
-8.1359848369
20.3336002373
-8.22324707819
20.3233088428
-8.31120265998
20.3125446452
-8.39984223309
20.3012597093
-8.48913518821
20.2894133832
-8.57902485506
20.2769764588
-8.66943897593
20.2639302533
-8.76030043428
20.2502706786
-8.85153521836
20.2359981749
-8.9430791905
20.2211163688
-9.03488613976
20.2056312163
-9.12693538775
20.1895501461
-9.21922090565
20.1728812023
-9.31174226813
20.1556321879
-9.40450263727
20.1378132283
-9.49750635828
20.1194361738
-9.59075640181
20.1005044623
-9.68425204646
20.0810080277
-9.77798750436
20.0609273863
-9.87195255978
20.0402377384
-9.96613321058
20.0189130699
-10.0605123098
19.9969302546
-10.1550702069
19.9742693534
-10.2497859385
19.9509011625
-10.3446409539
19.9267913748
-10.4396212297
19.9019090007
-10.5347178158
19.876226571
-10.6299275026
19.8497197345
-10.7252535371
19.8223668552
-10.8207170535
19.7941486099
-10.9163632491
19.7650496859
-11.0122520267
19.7350726267
-11.1084463674
19.7042428447
-11.2050018888
19.6726048692
-11.3019601004
19.6402094697
-11.3993407927
19.6071091225
-11.4971337146
19.5733534782
-11.5953087381
19.5389848283
-11.693824187
19.5040370288
-11.7926277482
19.4685415951
-11.8916574767
19.4325387873
-11.9908444481
19.3960837237
-12.0901153376
19.3592431722
-12.1893947634
19.3220836827
-12.288606238
19.2846636471
-12.3876736162
19.247031979
-12.4865235544
19.2092267944
-12.5850879698
19.1712778937
-12.6833059509
19.1332238636
-12.7811228566
19.0951167467
-12.8784894516
19.0570165479
-12.975361434
19.0189851353
-13.0716990112
18.9810801406
-13.1674664749
18.9433488602
-13.2626317775
18.9058221551
-13.3571661075
18.868501841
-13.4510444951
18.8313411788
-13.5442483869
18.7942552946
-13.6367672671
18.7571383653
-13.7285966127
18.7198772956
-13.8197357044
18.6823565671
-13.9101865972
18.6444630862
-13.9999530908
18.6060910331
-14.0890397006
18.5671432896
-14.1774510166
18.5275359977
-14.2651912637
18.4872016737
-14.3522658829
18.4460843006
-14.4386820461
18.4041358156
-14.5244471897
18.361321255
-14.6095689389
18.3176199727
-14.6940545373
18.2730202391
-14.7779092639
18.22751764
-14.8611343549
18.181126229
-14.9437237529
18.1338730655
-15.0256636961
18.0857884939
-15.1069338946
18.0369046397
-15.1875085835
17.9872545122
-15.2673575291
17.9368711067
-15.3464470346
17.8857865069
-15.4247409454
17.8340304192
-15.5022021112
17.781632277
-15.5787935964
17.7286187219
-15.6544797022
17.6750120633
-15.7292249578
17.6208378585
-15.8029939776
17.5661241498
-15.8757525188
17.5109007021
-15.9474685394
17.4551982394
-16.0181132565
17.3990476823
-16.0876622037
17.3424793485
-16.1560962885
17.2855118896
-16.2234025542
17.2281479738
-16.2895715209
17.1703783338
-16.3545955563
17.1121931473
-16.4184706306
17.0535894919
-16.4811975755
16.9945721781
-16.5427823319
16.9351540891
-16.603237822
16.8753527016
-16.6625874426
16.8151756675
-16.7208647653
16.7546212116
-16.7781104637
16.6936804756
-16.8343689529
16.6323398612
-16.8896850296
16.5705833733
-16.9441005118
16.5083949639
-16.9976508789
16.445760875
-17.0503619113
16.3826769608
-17.1022451036
16.3191580312
-17.1532963065
16.2552410045
-17.2035041995
16.1909724783
-17.2528532089
16.1263993566
-17.3013257383
16.0615683033
-17.3489032396
15.996525198
-17.3955672838
15.9313145898
-17.4413006322
15.8659791523
-17.4860883068
15.8005591684
-17.5299186127
15.7350940631
-17.5727806193
15.6696229786
-17.6146624354
15.6041832413
-17.6555537819
15.5387985005
-17.6954546537
15.4734750981
-17.734373399
15.4082055687
-17.7723243199
15.3429726344
-17.8093236489
15.2777532158
-17.8453843994
15.2125206306
-17.8805161827
15.1472467216
-17.9147252327
15.0819039846
-17.9480144311
15.016467697
-17.9803833324
14.9509180455
-18.0118281885
14.8852412478
-18.0423450356
14.8194273307
-18.0719420423
14.753466416
-18.100643151
14.6873436939
-18.1284873741
14.6210399575
-18.1555187467
14.5545322912
-18.181784215
14.4877947293
-18.2073323165
14.4207989135
-18.232211859
14.3535147506
-18.2564706008
14.285911071
-18.2801539298
14.2179562865
-18.3033035437
14.1496190569
-18.3259561778
14.0808678722
-18.3481458746
14.0116720771
-18.3699054595
13.9420048406
-18.3912637069
13.8718477946
-18.4122350275
13.8011913684
-18.432820233
13.7300351065
-18.4530071653
13.6583880046
-18.4727702007
13.5862670311
-18.4920747197
13.5136955795
-18.5108817856
13.4407019851
-18.5291528229
13.3673172752
-18.5468542949
13.293572271
-18.5639623828
13.2194946854
-18.5804676632
13.145107228
-18.5963767253
13.0704290522
-18.6117045253
12.9954745047
-18.6264733474
12.9202532666
-18.6407043609
12.8447706525
-18.6544171108
12.7690278781
-18.6676297986
12.6930217522
-18.6803595633
12.6167417255
-18.6926227622
12.5401728364
-18.7044352521
12.4632998342
-18.7158126701
12.3861113031
-18.7267707145
12.3086037456
-18.7373254259
12.2307847051
-18.747493468
12.1526761148
-18.7572900927
12.0743150156
-18.7667196249
11.9957476974
-18.7757770262
11.9170262112
-18.7844509473
11.8382043869
-18.7927284062
11.7593338348
-18.8006005922
11.6804617588
-18.8080637028
11.6016288418
-18.8151195731
11.522867064
-18.8217763047
11.4441982894
-18.8280488956
11.3656335004
-18.8339598688
11.287173043
-18.8395368403
11.2088116225
-18.8448003685
11.1305420475
-18.8497607629
11.0523576278
-18.8544188142
10.9742533054
-18.8587745223
10.8962266324
-18.8628278873
10.8182787803
-18.866578909
10.7404161253
-18.8700275877
10.6626544764
-18.8731739231
10.585017407
-18.8760179155
10.5075334086
-18.8785595646
10.4302330047
-18.8807988706
10.353144903
-18.8827358334
10.2762916614
-18.8843704531
10.1996847352
-18.8857050456
10.1233222529
-18.8867540389
10.0471933665
-18.8875426902
9.97128005998
-18.8881043148
9.89555875225
-18.8884775135
9.82000189285
-18.8887034011
9.74457955719
-18.8888228341
9.66926097667
-18.8888736391
9.59401683622
-18.8888878405
9.51882221967
-18.8888888889
9.44365955927
-18.8888888889
9.36852057805
-18.8888888889
9.29340348177
-18.8888888889
9.21831140963
-18.8888888889
9.14325227677
-18.8888888889
9.06823877982
-18.8888888889
8.99328836235
-18.8888888889
8.91842375633
-18.8888888889
8.84367616692
-18.8888888889
8.76908256016
-18.8888888889
8.69468177287
-18.8888888889
8.62051062264
-18.8888888889
8.54660005694
-18.8888888889
8.47297226508
-18.8888888889
8.39963829171
-18.8888871081
8.32659982915
-18.8888739545
8.25385303631
-18.8888325196
8.18138946408
-18.8887397018
8.10919715376
-18.88856733
8.03726193948
-18.8882832868
7.96556875895
-18.8878526323
7.89410296426
-18.8872387269
7.82285169785
-18.8864043551
7.75180450108
-18.8853128489
7.68095327498
-18.8839292111
7.61029223986
-18.8822185552
7.53981724166
-18.8801394254
7.46952441796
-18.8776446893
7.39940968279
-18.8746829584
7.32946795161
-18.8712000088
7.25969220916
-18.8671402011
7.19007261742
-18.8624479016
7.12059504759
-18.8570689021
7.0512369686
-18.8509518407
6.98196923296
-18.8440496225
6.91275904012
-18.8363208393
6.84357290001
-18.827731191
6.77437959641
-18.8182549053
6.70515315045
-18.8078761587
6.63587574284
-18.7965921634
6.56653475122
-18.7844125114
6.49711870274
-18.7713541113
6.42761739139
-18.7574400646
6.35802219936
-18.7426985424
6.28832642682
-18.7271616621
6.21852562154
-18.7108643637
6.14861790867
-18.6938432867
6.07860432039
-18.6761356465
6.00848912566
-18.6577781114
5.93828015992
-18.6388056783
5.86798871051
-18.6192506393
5.79762883667
-18.599142633
5.72721802205
-18.5785084132
5.65677679503
-18.5573715194
5.58632818598
-18.5357519473
5.51589722465
-18.5136658199
5.4455104375
-18.491125058
5.37519534513
-18.4681370507
5.30497995955
-18.4447043265
5.23489228163
-18.4208242238
5.1649597984
-18.3964885616
5.09520898044
-18.3716833102
5.02566477924
-18.3463882619
4.95635010965
-18.3205784824
4.88728548026
-18.2942301264
4.81849047952
-18.2673277199
4.74998428139
-18.2398686442
4.68178222867
-18.2118597457
4.61389439315
-18.183314263
4.54632604654
-18.1542503448
4.47907813146
-18.1246895689
4.41214773243
-18.0946554608
4.34552854678
-18.0641720115
4.27921135567
-18.033262197
4.213184492
-18.0019491796
4.14743456256
-17.9702652249
4.08194820622
-17.9382570786
4.01671315424
-17.9059835271
3.95171949796
-17.8735125277
3.88696111353
-17.8409183391
3.82243704659
-17.8082786516
3.75815289699
-17.7756717172
3.69412220344
-17.7431734801
3.63036782823
-17.7108547071
3.56692328731
-17.6787780111
3.50382685183
-17.646982211
3.44111706872
-17.6154742108
3.37883307189
-17.5842311985
3.31701493355
-17.5532011774
3.25570550342
-17.5223072408
3.19495106137
-17.4914562549
3.13480091065
-17.4605436532
3.07530962212
-17.4294615367
3.01653709777
-17.3981064572
2.95854671493
-17.3663856092
2.9014009425
-17.3342193967
2.84515076849
-17.3015318451
2.78983444868
-17.2682503989
2.73547717365
-17.2343068652
2.68209118013
-17.199638268
2.62967726818
-17.1641866166
2.57822580257
-17.1278989574
2.52771766121
-17.0907275231
2.47812518348
-17.0526298819
2.42941311864
-17.0135690878
2.38153957419
-16.9735138287
2.3344569643
-16.932438577
2.28811295814
-16.8903237382
2.24245142828
-16.8471558004
2.19741332053
-16.8029276418
2.15293785799
-16.7576541085
2.10896476996
-16.7113790139
2.06543547624
-16.6641703568
2.0222942464
-16.6161154261
1.97948774816
-16.5673079128
1.93696558962
-16.5178371919
1.89468461063
-16.4677854785
1.85261099348
-16.4172246671
1.81072045435
-16.3662115789
1.76899843478
-16.3147832092
1.72744282132
-16.2629555992
1.68607285364
-16.2107348633
1.64492730502
-16.158117086
1.60405782985
-16.1050838735
1.56352607625
-16.0516024811
1.52340000934
-15.99762252
1.48375093326
-15.9430799525
1.4446505716
-15.8879015182
1.40616814783
-15.8320091591
1.36836746565
-15.7753244456
1.33130398943
-15.7177730021
1.29502192461
-15.6592889327
1.2595512962
-15.5998192452
1.22490141287
-15.5393241174
1.19106255731
-15.4777878782
1.15801676356
-15.4152227011
1.12574135995
-15.3516630388
1.09420876592
-15.287161519
1.0633862888
-15.2217848399
1.03323592062
-15.155609666
1.00371408284
-15.0887184709
0.974768719997
-15.0211920757
0.946338574117
-14.9531025028
0.91835437837
-14.8845074231
0.890742578853
-14.8154482262
0.863431940285
-14.7459597556
0.836346717779
-14.6760711823
0.809409539902
-14.605809952
0.782548670992
-14.5352090285
0.755701067248
-14.4643069662
0.728815003182
-14.3931473704
0.701852698068
-14.3217783574
0.674792942396
-14.2502520146
0.647633724323
-14.1786238612
0.620387203303
-14.1069505828
0.593070352345
-14.0352857192
0.565704465127
-13.9636766939
0.538314708594
-13.8921618543
0.510933423085
-13.8207716168
0.483602223766
-13.7495162404
0.456369465402
-13.6783793399
0.429288751667
-13.6073231787
0.402417444453
-13.5362939624
0.375815173171
-13.4652271317
0.349542344066
-13.3940526555
0.32365864952
-13.3227003244
0.298219674214
-13.2511050925
0.273259935149
-13.179213187
0.248792465747
-13.1069885659
0.224810350187
-13.0344157115
0.201285373859
-12.9614907584
0.178181514458
-12.8882232287
0.155464042923
-12.8146396368
0.133103953322
-12.7407798267
0.111081963097
-12.6666926978
0.0893857983873
-12.5924300841
0.0679936626734
-12.518038221
0.0468718022363
-12.4435544589
0.0259729531872
-12.3690042537
0.00524244131907
-12.2943998823
-0.0153713866737
-12.219741206
-0.0359155949215
-12.1450150933
-0.0564274647198
-12.0701990984
-0.0769302984887
-11.9952670894
-0.0974397298714
-11.9201946443
-0.117967631339
-11.8449633684
-0.138528557897
-11.7695603231
-0.159143118511
-11.693976669
-0.179836231897
-11.6182081314
-0.200635382311
-11.542255465
-0.221568875334
-11.4661249191
-0.242662190523
-11.3898286532
-0.263920767902
-11.3133843864
-0.285329338552
-11.2368146974
-0.306852429035
-11.1601468562
-0.328430752839
-11.0834121322
-0.349988231607
-11.0066408818
-0.371443395622
-10.92985434
-0.392718737165
-10.8530640137
-0.413757159077
-10.7762733942
-0.434524801739
-10.6994804108
-0.454999140444
-10.6226821277
-0.475171179577
-10.5458741942
-0.49504087555
-10.4690517427
-0.514608228364
-10.3922123353
-0.533873238019
-10.3153575668
-0.552835906418
-10.238494659
-0.571499908247
-10.1616337905
-0.58987539738
-10.084783538
-0.607978201465
-10.0079491232
-0.62582897515
-9.93113035397
-0.643446071097
-9.85432294009
-0.660841483283
-9.77752059571
-0.678021905927
-9.70071531945
-0.694989792429
-9.62389767462
-0.71174251116
-9.54705702034
-0.728257935101
-9.47018097587
-0.744496575575
-9.39325446864
-0.760408194394
-9.31625748952
-0.775941720586
-9.23916405064
-0.791059280108
-9.16194251157
-0.805741002493
-9.08455838128
-0.819989362662
-9.00697721614
-0.833831363635
-8.92916708798
-0.847306479487
-8.85110119027
-0.860447688268
-8.77276396263
-0.873277514689
-8.69415213767
-0.885804954362
-8.61527551066
-0.898030050876
-8.53615589575
-0.90995280423
-8.45682228276
-0.921573214425
-8.37730744583
-0.93289128146
-8.29764497482
-0.943907005336
-8.21786630671
-0.954620386052
-8.13799774674
-0.96503138225
-8.05805754246
-0.975133587644
-7.97805670961
-0.984910979734
-7.89800069536
-0.994337790786
-7.81788944703
-1.00337028889
-7.73771863875
-1.01194938814
-7.65748001961
-1.02000696197
-7.5771616296
-1.02748572245
-7.49674878244
-1.03434255574
-7.41622546455
-1.0405473789
-7.33557702687
-1.04608199685
-7.25479118308
-1.05093895925
-7.17385816349
-1.05511874844
-7.09277146973
-1.05861931753
-7.01152939003
-1.06142229386
-6.93013235897
-1.06349330052
-6.84857935911
-1.06479700754
-6.76686207942
-1.06529808626
-6.68496431981
-1.06496128209
-6.60286167296
-1.06375148731
-6.52052129449
-1.06163381147
-6.43790342268
-1.05856994238
-6.35495948598
-1.05451660458
-6.27163290843
-1.04942820755
-6.18786421435
-1.04325949385
-6.10359616758
-1.03596822866
-6.01877921659
-1.0275241715
-5.93337356406
-1.0179149757
-5.84735045092
-1.00714896559
-5.76069503513
-0.995265552639
-5.67340803326
-0.982323822729
-5.58550489478
-0.968393805604
-5.497012351
-0.953552064737
-5.40796525324
-0.937877287212
-5.31840474419
-0.921445873598
-5.22837473576
-0.904327527832
-5.13791754264
-0.886580847095
-5.04706951575
-0.86825058067
-4.95585607503
-0.849372538616
-4.86428272128
-0.829981835125
-4.7723199182
-0.810113728666
-4.67991841555
-0.789803549203
-4.58702950432
-0.769086625404
-4.49362527192
-0.747998211857
-4.39970547226
-0.726573416285
-4.30527391561
-0.704847129129
-4.2103398674
-0.682857662591
-4.11492412122
-0.660648292121
-4.01906195929
-0.638264608245
-3.92280181379
-0.615751868402
-3.82620389346
-0.593152348773
-3.72933848613
-0.570502696118
-3.63228420915
-0.547833272969
-3.53512603292
-0.524704681111
-3.437895662
-0.501146311575
-3.34056106852
-0.477232008025
-3.24307055039
-0.453045223761
-3.14535641424
-0.428647199582
-3.04733331519
-0.404102955417
-2.94888689527
-0.37948986579
-2.84988865919
-0.35489892564
-2.75022057119
-0.330442306566
-2.64981161262
-0.306301435953
-2.54870791243
-0.282712446157
-2.44706599579
-0.259900633572
-2.34510247701
-0.237987382388
-2.24298319556
-0.216981160682
-2.14070856796
-0.196881968455
-2.03810549562
-0.177689805706
-1.93488285108
-0.159404672436
-1.8307575395
-0.142026568644
-1.72573370628
-0.125555494331
-1.62051752518
-0.109991449496
-1.51578236219
-0.0953344341392
-1.41188413851
-0.0815844482612
-1.30928071139
-0.0687414918616
-1.20853819079
-0.0568055649405
-1.11032929914
-0.0392452837663
-1.00608319774
-0.024647872304
-0.900781494056
-0.0132144969426
-0.794739824274
-0.0052683321768
-0.688710207327
-0.00106709571524
-0.583987647827
-1.62847646834e-05
-0.481093726552
-1.42108547152e-14
-0.378446227373
-1.42108547152e-14
-0.275892465582
-1.42108547152e-14
-0.180284303804
0
-0.102492349413
0
-0.0409858302457
0
0
