2
1000
8.65921515435
22.1291053945
8.73936979683
22.1291053945
8.81734943695
22.1291053945
8.89258761567
22.1291053945
8.96451731414
22.1291053945
9.03270578766
22.1291053945
9.09717949561
22.1291053945
9.15837965981
22.1291053945
9.21700878665
22.1291053944
9.27391508569
22.1291053944
9.32985321756
22.1291053944
9.38545654313
22.1291053944
9.44144444957
22.1291053944
9.50220637778
22.1291053944
9.56230421561
22.1291053944
9.62186341391
22.1291053944
9.68102298409
22.1291053944
9.73992723
22.1291053944
9.79871747989
22.1291053944
9.85753417917
22.1291053944
9.91652649887
22.1291053944
9.97585255033
22.1291053944
10.0356704976
22.1291053944
10.096129499
22.1291053944
10.1573647596
22.1291053944
10.219494779
22.1291053944
10.2826198203
22.1291053944
10.346821127
22.1291053944
10.4121605517
22.1291053944
10.4786801295
22.1291053944
10.5464018402
22.1291053944
10.6153377269
22.1291053944
10.6855017544
22.1291053944
10.7569030532
22.1291053944
10.8295388369
22.1291053944
10.9033887359
22.1291053944
10.9784101764
22.1291053944
11.0545320626
22.1291053944
11.1317277638
22.1291053944
11.2099820803
22.1291053944
11.289266384
22.1291053944
11.3695461345
22.1291053944
11.4507883942
22.1291053944
11.5329704972
22.1291053944
11.6160793524
22.1291053944
11.7001016577
22.1291053944
11.7850230296
22.1291053944
11.8708271725
22.1291053944
11.9574967043
22.1291053944
12.0450131871
22.1291053944
12.1333560936
22.1291053944
12.2225017749
22.1291053944
12.3124223938
22.1291053944
12.4030848858
22.1291053944
12.4944502536
22.1291053944
12.5864728917
22.1291053944
12.6790998999
22.129105334
12.7722698363
22.1291018973
12.8659122976
22.1290870617
12.9599485836
22.1290485979
13.0542923491
22.12897057
13.1488477699
22.1288338364
13.2434956692
22.1286165499
13.3380990953
22.1282946579
13.4325127772
22.1278424029
13.5265925797
22.1272328227
13.6202049592
22.126438251
13.7132364187
22.1254308175
13.8055914495
22.1241829482
13.8971820705
22.1226678661
13.9879279906
22.1208600912
14.0777568129
22.1187359409
14.1666042136
22.1162740305
14.2544124668
22.1134557732
14.3411297626
22.110265881
14.4267105898
22.1066928644
14.5111161178
22.1027295333
14.5943145827
22.098373494
14.6762850277
22.0936247466
14.7570192368
22.088483291
14.8365200843
22.0829491272
14.9147998976
22.0770223157
14.9918796658
22.0707061722
15.0677883737
22.0640087195
15.1425618999
22.0569421869
15.2162419155
22.0495225101
15.2888772687
22.0417688308
15.360537408
22.0337029963
15.4313095926
22.0253470493
15.5012952762
22.0167195948
15.570601606
22.0078357686
15.6393328321
21.998707266
15.7075805643
21.98934237
15.7754233938
21.9797459799
15.8429356043
21.9699196399
15.9101869679
21.9598615675
15.977242526
21.9495666821
16.0441623695
21.9390266334
16.1110014187
21.9282298298
16.1778092044
21.9171614673
16.2446296475
21.9058035576
16.3115008399
21.8941349567
16.3784548208
21.8821313965
16.4455139984
21.8697684165
16.5126893799
21.8570242859
16.5799826603
21.8438803444
16.6473912554
21.8303222089
16.7149109446
21.8163406575
16.7825368483
21.8019311019
16.8502644184
21.7870930592
16.9180904283
21.771829624
16.9860139636
21.7561469407
17.0540374122
21.7400536751
17.1221642174
21.7235624968
17.1903935785
21.7066926838
17.2587200379
21.6894691257
17.327133156
21.6719212667
17.3956183398
21.6540820495
17.4641586674
21.6359868578
17.532735029
21.6176724598
17.6013262432
21.5991759515
17.6699091721
21.5805336998
17.7384588372
21.5617802858
17.8069485346
21.5429474479
17.8753499513
21.524063025
17.9436332798
21.5051499001
18.0117673309
21.4862249457
18.0797162902
21.4673008712
18.1474382828
21.4483880592
18.2148875209
21.4294940098
18.2820161747
21.4106229725
18.3487732991
21.3917747114
18.4151055242
21.3729439784
18.480958536
21.3541215177
18.5462789807
21.3352945198
18.61101637
21.3164470712
18.6751249879
21.2975606048
18.7385625588
21.2786163594
18.8012858642
21.2595989623
18.8632512457
21.240496411
18.9244151953
21.2212999939
18.9847349469
21.2020042114
19.0441690676
21.1826066976
19.1026780487
21.1631081407
19.1602248968
21.1435122047
19.2167757253
21.1238254501
19.272300345
21.1040572557
19.326772856
21.0842197389
19.3801722382
21.0643276775
19.4324829429
21.0443984306
19.4836954836
21.0244518597
19.5338070314
21.004510247
19.5828253644
20.9845953133
19.6307710097
20.9647252449
19.6776755376
20.9449143641
19.7235774715
20.9251750659
19.7685197612
20.9055183361
19.8125481776
20.885953343
19.8557099556
20.8664868866
19.8980538265
20.8471221979
19.9396288048
20.8278583311
19.9804818032
20.8086902543
20.020658486
20.7896069304
20.0602071741
20.7705882756
20.0991778635
20.7516057188
20.1376211568
20.7326228216
20.1755871929
20.7135958981
20.2131245776
20.6944746344
20.2502793143
20.6752027087
20.287093734
20.6557184107
20.323605426
20.6359552618
20.3598461684
20.6158426344
20.3958408582
20.595306372
20.4316064419
20.5742694088
20.4671520064
20.5526452517
20.5024826815
20.530314176
20.5375996429
20.5071312884
20.5724996259
20.4829379761
20.6071744386
20.457573356
20.6416107414
20.4308854748
20.6757922095
20.4027402416
20.7097004721
20.3730313962
20.7433156808
20.341690537
20.776616619
20.3086715498
20.8095789964
20.2739380392
20.8421749877
20.2374632354
20.8743739412
20.1992292017
20.9061430887
20.1592260417
20.9374482542
20.1174511067
20.9682545634
20.073908203
20.9985271527
20.0286067996
21.0282318787
19.9815612348
21.057336027
19.9327899245
21.0858090219
19.8823145688
21.1136231351
19.8301593599
21.1407541954
19.776350189
21.1671822978
19.7209138539
21.1928925122
19.6638772665
21.2178755934
19.6052666598
21.2421275297
19.5451139335
21.2656452795
19.4834797714
21.2884264083
19.4204405819
21.3104692149
19.3560788592
21.3317728571
19.2904755699
21.352337478
19.223702539
21.3721643315
19.1558148366
21.3912555686
19.0868435485
21.4096137737
19.0167890525
21.4272401126
18.9456411163
21.444133725
18.8733936211
21.4602922898
18.8000400382
21.4757125893
18.7255738509
21.4903910735
18.6499892056
21.5043244249
18.5732815633
21.5175101226
18.4954483503
21.529947007
18.4164896092
21.5416358446
18.3364086503
21.5525798917
18.2552127024
21.5627854595
18.172913564
21.5722624785
18.0895283229
21.5810250628
18.0050819597
21.5890920746
17.9196084735
21.5964876887
17.833150966
21.603240797
17.7457688645
21.6093806001
17.6575624294
21.6149360995
17.5686659094
21.6199360792
17.4792416203
21.6244090869
17.3894672167
21.6283834146
17.2995209383
21.6318870807
17.2095668562
21.6349478106
17.1197401197
21.6375930182
17.0301325628
21.6398498261
16.9408026893
21.6417468963
16.8517838901
21.6433150182
16.763085975
21.6445865251
16.6747028923
21.6455947112
16.5866155014
21.6463732481
16.4987941172
21.6469556017
16.4112010544
21.6473744488
16.3237931716
21.647661094
16.2365244156
21.6478448861
16.1493483656
21.6479526355
16.0622207775
21.6480080301
15.9751021283
21.6480310526
15.8879585854
21.6480373971
15.8007577722
21.6480378859
15.7134685016
21.6480378859
15.6260616995
21.6480378859
15.5385041908
21.6480378859
15.4507357125
21.6480378859
15.3626821043
21.6480378859
15.2742650786
21.6480378859
15.1854099649
21.6480378859
15.0960534544
21.6480378859
15.006151345
21.6480378859
14.9156862854
21.6480378859
14.8246757718
21.6480378859
14.7331589962
21.6480378859
14.6411839789
21.6480378859
14.5488097454
21.6480378859
14.4561035562
21.6480378859
14.3631379067
21.6480378859
14.2699875283
21.6480378859
14.176726388
21.6480378859
14.0834246898
21.6480378859
13.9901458745
21.6480378859
13.8969436206
21.6480378859
13.80385843
21.6480378859
13.7109071064
21.6480378859
13.6180811177
21.6480378859
13.5253540027
21.6480378859
13.4326873276
21.6480378859
13.3400364946
21.6480378859
13.2473565499
21.6480385139
13.1546065198
21.6480485263
13.0617367221
21.6480857916
12.9686881585
21.6481757525
12.8753972394
21.6483498873
12.7818005092
21.6486441724
12.6878393708
21.6490975429
12.5934648115
21.6497503556
12.4986432869
21.6506428497
12.4033581205
21.6518136095
12.307608382
21.6532980253
12.2114029726
21.6551267558
12.1147596577
21.6573241895
12.0177043277
21.6599069068
11.9202702587
21.6628821413
11.8224973736
21.666250084
11.7244314573
21.6700107349
11.6261229306
21.6741640939
11.5276253879
21.6787101611
11.4289945474
21.6836489365
11.330295815
21.68898042
11.2316077904
21.6947046117
11.1330175597
21.7008215116
11.0346147981
21.7073311197
10.936485872
21.7142334359
10.8387079423
21.7215278322
10.7413440253
21.7292055524
10.644450768
21.7372487279
10.54808095
21.7456319159
10.4522826783
21.7543236381
10.3570985812
21.7632879183
10.2625650025
21.7724858212
10.1687105838
21.7818769901
10.0755498198
21.7914211857
9.98307996749
21.8010798239
9.89128160026
21.8108175142
9.80012192769
21.820603598
9.70955816182
21.8304136866
9.61954088336
21.8402312
9.53001740785
21.8500489042
9.44093515186
21.8598666085
9.35224504455
21.8696843127
9.26390538087
21.879502017
9.17588632542
21.8893197212
9.08818123383
21.8991374255
9.00080363861
21.9089551298
8.9137780384
21.918772834
8.82713421402
21.9285905383
8.74090169322
21.9384082425
8.65510421538
21.9482253187
8.56975515528
21.9580330106
8.48486566032
21.9678134496
8.4004475149
21.977541193
8.31651269695
21.9871847623
8.23307293428
21.9967081816
8.15013926111
22.0060725153
8.06772157445
22.0152374069
7.98582963371
22.024162617
7.9044779611
22.0328095615
7.82368672333
22.04114285
7.74348171925
22.0491318237
7.66389160335
22.0567520942
7.58494506302
22.0639870812
7.50666799598
22.0708295509
7.42908068758
22.0772793125
7.35219503355
22.0833363659
7.27601220435
22.0890007111
7.20052054578
22.0942723482
7.12569306704
22.0991512771
7.05147811308
22.1036374978
6.97780286664
22.1077310103
6.90457900799
22.1114318147
6.8317065454
22.1147399109
6.75908054644
22.1176552989
6.68659806017
22.1201786068
6.61416408042
22.1223185909
6.54168479548
22.1240931197
6.46906611074
22.1255276359
6.39621547911
22.126653618
6.32304373162
22.127507042
6.24946690796
22.1281268434
6.17540808696
22.1285533787
6.10079838597
22.1288268874
6.02557837463
22.1289859535
5.94969691329
22.1290659674
5.8731091269
22.1290975879
5.79577677387
22.1291052035
5.71766861505
22.1291053945
5.63876078261
22.1291053945
5.55903714895
22.1291053945
5.47848965023
22.1291053945
5.39711816832
22.1291053945
5.31493010082
22.1291053945
5.23193820203
22.1291053945
5.14816211624
22.1291053945
5.06362910605
22.1291053945
4.97837446253
22.1291053945
4.89244270863
22.1291053945
4.80588590179
22.1291053945
4.71876174555
22.1291053945
4.63113170116
22.1291053945
4.54305909919
22.1291053945
4.4546072512
22.1291053945
4.36583756128
22.1291053945
4.27680763776
22.1291053945
4.18756981972
22.1291053945
4.0981705584
22.1291053945
4.00864754846
22.1291053945
3.91902743731
22.1291053945
3.8293280613
22.1291053945
3.73956160375
22.1291053945
3.64973535793
22.1291053945
3.55985248995
22.1291053945
3.46991280179
22.1291053945
3.3799134942
22.1291053945
3.28984992968
22.1291053945
3.19971639547
22.1291053945
3.109506942
22.1291053945
3.01921846945
22.1291053945
2.92885043703
22.1291053945
2.83840522916
22.1291053945
2.74789033812
22.1291053945
2.6573176457
22.1291053945
2.56670251403
22.1291053945
2.47606287635
22.1291053945
2.38541832775
22.1291053945
2.29478921595
22.1291053945
2.20419573208
22.1291053945
2.11365699281
22.1291053945
2.02318857226
22.1291053945
1.93280079667
22.1291053945
1.84249767644
22.1291053945
1.75227817474
22.1291053945
1.66214016616
22.1291053945
1.57208249565
22.1291053945
1.48210459638
22.1291053945
1.3922061076
22.1291053945
1.30238649245
22.1291053945
1.21264465587
22.1291053945
1.12297856237
22.1291053945
1.03338485396
22.1291053945
0.943856016151
22.1291053945
0.854379123213
22.1291053945
0.764936477503
22.1291053945
0.675505369776
22.1291053945
0.586057987613
22.1291053945
0.496560543661
22.1291053945
0.406975304679
22.1291053945
0.31726281155
22.1291053945
0.2273840993
22.1291053945
0.137303017158
22.1291053945
0.0469880335377
22.1291053945
-0.0435868442127
22.1291053945
-0.134441169017
22.1291053945
-0.225586018126
22.1291053945
-0.317024820698
22.1291053945
-0.408754072826
22.1291053945
-0.500763882375
22.1291053945
-0.593042841571
22.1291053945
-0.685581057223
22.1291053945
-0.77837073978
22.1291053945
-0.871406792413
22.1291053945
-0.964687400076
22.1291053945
-1.05821500805
22.1291053945
-1.15199604217
22.1291053945
-1.24603953666
22.1291053945
-1.34035330982
22.1291053945
-1.43494223967
22.1291053945
-1.52980926951
22.1291053945
-1.62495498345
22.1291053945
-1.72037716906
22.1291053945
-1.81607037951
22.1291053945
-1.9120256874
22.1291053945
-2.00823210442
22.1291053945
-2.10467859247
22.1291053945
-2.20135617476
22.1291053945
-2.29825953187
22.1291053945
-2.39538770384
22.1291053945
-2.49274321459
22.1291053945
-2.59033195893
22.1291053945
-2.68816289584
22.1291053945
-2.7862527942
22.1291053945
-2.88462867791
22.1291053945
-2.98332440904
22.1291053945
-3.08237726251
22.1291053945
-3.1818245008
22.1291053945
-3.28169994862
22.1291053945
-3.38203056766
22.1291053945
-3.48283264181
22.1291053945
-3.58410922066
22.1291053945
-3.68585004628
22.1291053945
-3.78803672134
22.1291053945
-3.89064532618
22.1291053945
-3.99364862106
22.1291053945
-4.09701911457
22.1291053945
-4.20073214512
22.1291053945
-4.30476896266
22.1291053945
-4.40911961903
22.1291053945
-4.51378419218
22.1291053945
-4.61877229909
22.1291053945
-4.72410047041
22.1291053945
-4.82979007459
22.1291053945
-4.93586525086
22.1291053945
-5.04235239238
22.1291053945
-5.14927845177
22.1291053945
-5.2566677544
22.1291053945
-5.36453536414
22.1291053945
-5.47288300624
22.1290981117
-5.58170009043
22.1290469625
-5.69096364078
22.128889825
-5.80064142739
22.1285449551
-5.91069534254
22.1279169013
-6.02108438726
22.126902421
-6.13176891629
22.1253963957
-6.24271597545
22.1232977467
-6.35390324856
22.1205153505
-6.46531776305
22.1169739546
-6.57695662614
22.1126172123
-6.68882979479
22.1073969486
-6.80096745901
22.1012700356
-6.91341592898
22.0941967682
-7.02623195972
22.0861392401
-7.13947540977
22.0770597204
-7.2532013086
22.0669190289
-7.36745304396
22.055674913
-7.48225768756
22.0432804229
-7.59762077127
22.0296817295
-7.7135230493
22.0148141164
-7.82993107063
21.9986036897
-7.94679967931
21.9809700497
-8.06406863689
21.961828963
-8.18166180205
21.9410950342
-8.29949217212
21.9186916608
-8.41746769495
21.8945757235
-8.53549818232
21.8687364949
-8.65349902161
21.8411923961
-8.77139464297
21.8119877532
-8.88912237606
21.7811879944
-9.00663483772
21.7488661649
-9.12389627925
21.715095134
-9.24087430862
21.67994112
-9.35753637618
21.6434572135
-9.4738463605
21.6056797837
-9.58975921985
21.566638651
-9.70521103034
21.5263596528
-9.82012052031
21.4848657073
-9.93439216709
21.4421778766
-10.0479209598
21.3983164316
-10.1605989734
21.353301915
-10.2723235663
21.3071562059
-10.3830041429
21.2599035828
-10.4925688882
21.2115723472
-10.6009695166
21.1621982706
-10.7081722105
21.1118223248
-10.8141566303
21.0604854395
-10.9189210592
21.0082200045
-11.0224851238
20.9550556299
-11.1248862154
20.9010401377
-11.226176932
20.846234771
-11.3264193174
20.7907072519
-11.425678857
20.7345248383
-11.5240184727
20.6777473813
-11.6214925183
20.6204219414
-11.7181409852
20.5625860874
-11.8139886568
20.5042655024
-11.9090488868
20.4454702734
-12.0033226146
20.3861940613
-12.0967953463
20.3264270391
-12.1894295222
20.2661612223
-12.281168381
20.2053903386
-12.3719427698
20.1441080635
-12.4616786413
20.082309996
-12.5503030805
20.0199956354
-12.637749112
19.95717036
-12.7239588832
19.8938474041
-12.8088882818
19.8300503955
-12.8925095965
19.765817716
-12.9748003653
19.7012011462
-13.0557402981
19.6362635476
-13.1353106278
19.5710785548
-13.2134932068
19.5057335235
-13.2902694691
19.4403182198
-13.3656198301
19.3748982787
-13.4395220576
19.3095145417
-13.5119529704
19.2441854471
-13.5828912606
19.1789087982
-13.6523189691
19.113664857
-13.7202228162
19.0484281203
-13.786596563
18.9831734038
-13.851442383
18.9178806092
-13.9147720423
18.8525394905
-13.9766080786
18.7871515403
-14.0369869151
18.7217181076
-14.0959665873
18.6562361233
-14.1536229735
18.5906992867
-14.2100430793
18.5251008857
-14.2653176353
18.4594328777
-14.3195351646
18.3936849681
-14.3727760504
18.3278436884
-14.4251066041
18.2618914746
-14.4765731333
18.1958055776
-14.5272003308
18.1295552953
-14.57700482
18.0631043397
-14.6259974674
17.9964161722
-14.6741829809
17.9294625946
-14.7215593758
17.8622253637
-14.7681186388
17.7946973113
-14.8138474653
17.7268834642
-14.8587279976
17.6588020673
-14.9027384368
17.590484705
-14.9458527752
17.5219770463
-14.9880418767
17.4533382636
-15.0292747002
17.3846317694
-15.0695184944
17.3159216442
-15.1087399803
17.2472703831
-15.1469067264
17.1787366413
-15.1839885253
17.1103729519
-15.2199591588
17.0422232439
-15.2548019094
16.9743247096
-15.2885099946
16.9067114113
-15.3210850784
16.8394141472
-15.3525372516
16.772460316
-15.3828850133
16.7058737806
-15.4121552517
16.639674732
-15.4403832258
16.5738795534
-15.4676125462
16.508500293
-15.4938928223
16.4435439906
-15.5192759619
16.3790125864
-15.5438156328
16.3149008231
-15.5675670074
16.251190894
-15.5905866402
16.1878540659
-15.6129311466
16.1248527972
-15.6346558091
16.062142759
-15.655813057
15.9996739549
-15.6764500673
15.9373924643
-15.6966077127
15.8752424181
-15.7163198638
15.8131680276
-15.735613505
15.7511156822
-15.7545128311
15.6890355392
-15.7730398398
15.6268830492
-15.7912142382
15.5646204823
-15.8090533477
15.5022184816
-15.8265716198
15.4396578176
-15.8437764064
15.3769267912
-15.860668807
15.3140169003
-15.8772464382
15.2509222443
-15.893504735
15.1876389319
-15.9094382509
15.1241644886
-15.9250419581
15.0604972649
-15.9403125477
14.9966354523
-15.9552473945
14.9325759541
-15.9698421768
14.8683135765
-15.9840916562
14.8038403566
-15.9979904845
14.7391457882
-16.0115340114
14.6742170716
-16.0247190915
14.6090393638
-16.037544891
14.543596028
-16.0500136957
14.4778689813
-16.0621318432
14.4118399424
-16.0739115345
14.3454910566
-16.0853713
14.2788052881
-16.0965361089
14.2117667592
-16.1074366666
14.1443602712
-16.118104731
14.07657004
-16.1285719325
14.0083801796
-16.1388692808
13.9397753065
-16.1490262814
13.8707413432
-16.159066308
13.8012659312
-16.1690054749
13.7313387396
-16.1788527472
13.6609517739
-16.1886100501
13.5900996845
-16.1982723794
13.5187800758
-16.2078279109
13.4469938144
-16.2172581105
13.3747453855
-16.2265378441
13.30204359
-16.235637822
13.2289018684
-16.2445283901
13.1553382556
-16.2531801596
13.0813751998
-16.2615646098
13.0070384818
-16.2696546908
12.9323561121
-16.2774254268
12.8573572264
-16.2848545182
12.7820709822
-16.2919229448
12.7065254547
-16.2986155688
12.6307465332
-16.3049217371
12.5547568173
-16.3108358845
12.4785744603
-16.3163573236
12.4022119656
-16.3214860546
12.3256765691
-16.3262220774
12.2489722234
-16.330565392
12.1720999026
-16.3345159985
12.0950577864
-16.3380742874
12.0178412454
-16.3412451747
11.9404432163
-16.3440387365
11.8628546818
-16.3464696057
11.7850651505
-16.3485563696
11.7070631368
-16.3503209671
11.6288366403
-16.3517880856
11.5503736258
-16.3529845585
11.4716624558
-16.3539387621
11.3926923732
-16.3546800132
11.3134547633
-16.3552379659
11.2339443337
-16.3556420091
11.1541593923
-16.3559206635
11.0741014844
-16.3561009787
10.9937749278
-16.3562079309
10.9131867024
-16.3562638196
10.8323463385
-16.3562876647
10.751265806
-16.3562946044
10.6699594031
-16.3562952916
10.5884436455
-16.3562952916
10.5067372071
-16.3562952916
10.4248616588
-16.3562952916
10.3428426634
-16.3562952916
10.2607091776
-16.3562952916
10.1784925575
-16.3562952916
10.0962257067
-16.356294393
10.0139426633
-16.3562818369
9.93167789408
-16.3562362864
9.8494654687
-16.3561278304
9.76733823433
-16.3559199885
9.68532698988
-16.3555717142
9.60345966038
-16.3550393997
9.52176042412
-16.3542788799
9.44024888985
-16.353247436
9.35893979289
-16.3519058003
9.27784247904
-16.3502201599
9.19696051969
-16.3481641611
9.11629222856
-16.3457209132
9.03583182252
-16.3428849571
8.95557127983
-16.3396562928
8.87550157704
-16.3360349204
8.79561342281
-16.3320208398
8.71589799171
-16.327614051
8.63634765807
-16.322814554
8.55695672976
-16.3176223489
8.47772215987
-16.3120374356
8.39864318119
-16.3060598141
8.31971940168
-16.2996894845
8.24095058033
-16.2929264467
8.16233649471
-16.2857707007
8.08387676539
-16.2782231451
8.00557024154
-16.2702945389
7.92741421166
-16.2620029201
7.84940317064
-16.2533624744
7.77152927947
-16.2443823594
7.69378293032
-16.2350662117
7.61615331166
-16.2254116519
7.53862902063
-16.2154097921
7.46119862531
-16.2050447414
7.38385070812
-16.1942931123
7.30657386056
-16.183123527
7.22935668111
-16.1714961237
7.15218839028
-16.1593620626
7.07505954402
-16.1466630682
6.99796179772
-16.1333389118
6.92088793834
-16.1193343813
6.84383241963
-16.1046007911
6.76679189737
-16.0890974931
6.68976516057
-16.0727923009
6.61275032621
-16.0556566073
6.53574447189
-16.0376642751
6.45874403157
-16.0187912728
6.38174543564
-15.9990153125
6.30474575624
-15.9783154854
6.22774330951
-15.9566727974
6.1507378189
-15.9340787677
6.0737308716
-15.9105357828
5.99672696245
-15.8860580277
5.91973510127
-15.8606782463
5.8427687275
-15.8344445448
5.76584551953
-15.8074165137
5.68898720393
-15.7796613503
5.61221936473
-15.7512499805
5.53557125271
-15.7222531811
5.45907559463
-15.6927377015
5.3827683842
-15.6627620395
5.30668850673
-15.6323717082
5.23087666566
-15.6015961137
5.15537361184
-15.5704535002
5.08021899422
-15.5389553816
5.00545071351
-15.5071055142
4.93110427594
-15.4748988696
4.85721214697
-15.4423206068
4.78380370904
-15.4093461311
4.71090795574
-15.3759464592
4.63855377027
-15.3420898124
4.56676976902
-15.3077424625
4.49558414508
-15.2728695784
4.42502451181
-15.2374360725
4.35511778947
-15.2014065486
4.28589067658
-15.1647372345
4.21737154054
-15.1273795001
4.14959171944
-15.0892908868
4.08258478848
-15.0504359976
4.01638572093
-15.010786706
3.95103004907
-14.9703223648
3.88655302516
-14.9290300146
3.82298878237
-14.8869045929
3.76036949574
-14.8439491428
3.69872454314
-14.8001750216
3.63807968459
-14.7556024569
3.5784564047
-14.7102616098
3.51987133613
-14.6641920282
3.46233627894
-14.6174340331
3.40585795181
-14.5700206173
3.35043688395
-14.5219722233
3.29606471262
-14.4732793988
3.24272472935
-14.4239047444
3.19039565786
-14.3737936837
3.13905301628
-14.3228814593
3.08867004443
-14.2710993828
3.03921863108
-14.2183810845
2.99067024127
-14.1646687643
2.94299684358
-14.1099194407
2.89617142982
-14.0541102198
2.85016272266
-13.9972275033
2.80493251387
-13.9392580535
2.76043558966
-13.8801797059
2.71662169162
-13.8199622223
2.67343758297
-13.758568824
2.63082911488
-13.6959577265
2.5887432928
-13.6320836731
2.54713034275
-13.5668994686
2.50594577762
-13.5003575137
2.46515248182
-13.4324116859
2.42472295916
-13.3630197278
2.38463714311
-13.2921456767
2.34487676075
-13.2197636622
2.30542617525
-13.1458595695
2.26627331378
-13.0704326737
2.22741095177
-12.9934998536
2.18883959144
-12.9151119293
2.15056709172
-12.8353507058
2.11260506643
-12.7543171955
2.07496769815
-12.6721236145
2.03767098708
-12.5888861247
2.00073199986
-12.5047175758
1.96416811833
-12.4197202022
1.92799628845
-12.3339778823
1.89223253078
-12.2475499215
1.856895873
-12.1604809986
1.82200897178
-12.0728069561
1.78759695948
-11.9845563326
1.75368629082
-11.8957518971
1.7203035896
-11.8064121817
1.68747449531
-11.7165530152
1.65522250988
-11.6261890563
1.6235678443
-11.535335327
1.59252626528
-11.4440087461
1.56210139095
-11.3522297791
1.53227830501
-11.2600230406
1.50302874278
-11.1674171311
1.47431972363
-11.0744431073
1.4461157049
-10.9811350854
1.41838100664
-10.8875334549
1.39108383064
-10.7937002151
1.36419763483
-10.6997161035
1.33770201239
-10.6056742109
1.31158357091
-10.5116735965
1.28583681147
-10.4178129034
1.26046500781
-10.3241839734
1.23548108543
-10.2308654622
1.21090301362
-10.1379163081
1.18674518243
-10.0453711447
1.16302331457
-9.95325193128
1.13975638223
-9.86157423955
1.11696537361
-9.77034806315
1.09467171638
-9.67957844412
1.07289570121
-9.58926609955
1.05165490526
-9.49940804819
1.03096261577
-9.409998237
1.01082625348
-9.3210281678
0.991245796228
-9.23248752386
0.972212202481
-9.14436479648
0.953712367474
-9.05664744741
0.935737113252
-8.96932075016
0.918285490423
-8.88236299899
0.901362601447
-8.79574508063
0.88497733841
-8.70943102741
0.869139764508
-8.62337599006
0.853856901217
-8.53751208734
0.839131160091
-8.45175246407
0.824959269836
-8.36599886226
0.81133120339
-8.28014919229
0.798229104994
-8.19410509531
0.785626217273
-8.10777895873
0.773485808308
-8.02110033791
0.76176558582
-7.93402300722
0.750426126383
-7.84652991366
0.739425915611
-7.75862117764
0.728720627646
-7.67030728339
0.7182645228
-7.58160670826
0.708011845209
-7.49254355206
0.697918220473
-7.40314516639
0.687942053309
-7.31343978394
0.678045925194
-7.22345414783
0.668189982421
-7.13321223771
0.65832201527
-7.04273497688
0.648389840273
-6.95203771149
0.638352476454
-6.86112819722
0.628179671633
-6.77000717119
0.617847982628
-6.67867327913
0.607343333898
-6.58712363976
0.596663661718
-6.49535342786
0.585821558338
-6.40335545725
0.574846916153
-6.31111976389
0.563780368854
-6.2186316591
0.552657700434
-6.1258699517
0.541507528079
-6.03280859768
0.530349218779
-5.93941840703
0.519190805941
-5.84566929766
0.508032393104
-5.75153333527
0.496873980267
-5.65698681052
0.48571556743
-5.56201215843
0.474557154592
-5.46659531985
0.463398741755
-5.37072257433
0.452240328918
-5.27438157794
0.441081916081
-5.17756240121
0.429923503243
-5.08025856691
0.418765090406
-4.98246808795
0.407606677569
-4.88419450528
0.396456274327
-4.78544682887
0.385341218341
-4.68623849792
0.374297190725
-4.58658856866
0.36335843745
-4.48652264242
0.352555125177
-4.38607593104
0.341910697089
-4.28529409377
0.331439228724
-4.18423282474
0.32114278381
-4.08295162242
0.311008770097
-3.98151094175
0.301007295188
-3.87997166756
0.291097725393
-3.77839611778
0.281244276719
-3.67684887776
0.271418331981
-3.57539421581
0.261600524187
-3.47409399718
0.251782819931
-3.37300623722
0.241965115674
-3.27218346255
0.232147411417
-3.17167159793
0.222329707161
-3.07150960051
0.212512002904
-2.97173384712
0.202694298647
-2.87238305004
0.192876594391
-2.7734989679
0.183058890134
-2.67512711646
0.173241185877
-2.57731747943
0.163423481621
-2.48012521936
0.15361378696
-2.38361029162
0.143839439633
-2.28783607751
0.134142653488
-2.19286976893
0.124575790924
-2.09877931683
0.115196635339
-2.00563065972
0.10606366357
-1.91348474063
0.0972313183387
-1.82239675271
0.088745280697
-1.73241663427
0.0806377424681
-1.64359538177
0.0729226786924
-1.55598798014
0.0656003230871
-1.46965554169
0.058670675652
-1.38466727598
0.0521337363871
-1.30109903232
0.0459895052926
-1.21903178494
0.0402379823683
-1.13854957126
0.0348791676142
-1.05973679088
0.0299130610305
-0.982675504394
0.025339662617
-0.907442732605
0.0211589723738
-0.834112502249
0.0173709903008
-0.762758420238
0.0139757163981
-0.693452042916
0.0109731506656
-0.626261245333
0.00836329310343
-0.561248590494
0.0061461437115
-0.498469698633
0.00432170248986
-0.437971616467
0.00288195984292
-0.379792283255
0.00179957803205
-0.323960977812
0.00103234320986
-0.270497013937
0.000527892976237
-0.219411872011
0.000228443934404
-0.170710803259
7.55192468631e-05
-0.124391785121
1.46761913697e-05
-0.0804447740273
2.33716960452e-07
-0.0388567762393
-4.26325641456e-14
0.000386463989059
-4.26325641456e-14
0.0373010975482
-4.26325641456e-14
0.0719073333891
-4.26325641456e-14
0.104231432571
-4.26325641456e-14
0.134304274783
-4.26325641456e-14
0.162159876346
-4.26325641456e-14
0.187833908229
-4.26325641456e-14
0.211362214046
-4.26325641456e-14
0.232779328075
-4.26325641456e-14
0.25211699374
-4.26325641456e-14
0.269407428569
-4.26325641456e-14
0.284687117682
-4.26325641456e-14
0.298297958862
-4.26325641456e-14
0.310236519569
-4.26325641456e-14
0.320529855103
-4.26325641456e-14
0.329242984778
-4.26325641456e-14
0.33645135764
-4.26325641456e-14
0.342225138921
-4.26325641456e-14
0.346628492451
-4.26325641456e-14
0.349718863071
-2.84217094304e-14
0.351546259045
-2.84217094304e-14
0.352152534471
-1.42108547152e-14
0.351570671696
-1.42108547152e-14
0.349824361134
0
0.34693339915
0
0.342915703268
1.42108547152e-14
0.337787006069
1.42108547152e-14
0.331560549105
2.84217094304e-14
0.3242467768
2.84217094304e-14
0.315853030357
2.84217094304e-14
0.306383241665
4.26325641456e-14
0.295837627201
4.26325641456e-14
0.284212381942
5.68434188608e-14
0.271499373264
5.68434188608e-14
0.257685834853
7.1054273576e-14
0.242754060608
0
0.232002660139
0
0.219782387729
0
0.206240030276
0
0.191236745407
0
0.174617390792
0
0.156226824103
0
0.135909903011
0
0.113511485188
0
0.0888764283033
0
0.0618495900298
0
0.0322758280383
0
0
