2
1000
-43.0656934307
-21.897810219
-43.0628622186
-21.8980028905
-43.0593759769
-21.8984661861
-43.055256737
-21.899203177
-43.0505265304
-21.9002169344
-43.0452073885
-21.9015105294
-43.0393213428
-21.9030870334
-43.0328904248
-21.9049495176
-43.0259366658
-21.907101053
-43.0184820975
-21.909544711
-43.0105487511
-21.9122835628
-43.0021586583
-21.9153206796
-42.9933338503
-21.9186591325
-42.9857703859
-21.9212911992
-42.9779213163
-21.9240843268
-42.9697969795
-21.9270372417
-42.9614074931
-21.9301486398
-42.9527627546
-21.9334171865
-42.9438724408
-21.936841516
-42.9347460086
-21.9404202322
-42.9253926943
-21.9441519081
-42.915821514
-21.9480350861
-42.9060412635
-21.9520682777
-42.8960605182
-21.956249964
-42.8858876333
-21.960578595
-42.8755307435
-21.9650525902
-42.8649977635
-21.9696703385
-42.8542963873
-21.9744301979
-42.8434340889
-21.9793304957
-42.8324181218
-21.9843695286
-42.8212555193
-21.9895455625
-42.8099518635
-21.994858423
-42.7985096244
-22.0003118876
-42.786928626
-22.0059134988
-42.7752065391
-22.0116743467
-42.7633393733
-22.0176088496
-42.7513219693
-22.0237345366
-42.7391484915
-22.0300718282
-42.7267307226
-22.0367002235
-42.7140634084
-22.04364805
-42.7011423154
-22.0509459029
-42.6879647235
-22.0586264265
-42.6745299179
-22.0667240957
-42.6608396814
-22.0752749977
-42.6468987872
-22.0843166136
-42.6327154907
-22.0938875999
-42.6183020221
-22.1040275705
-42.6036749527
-22.1147772681
-42.5888522261
-22.1261880244
-42.5738517223
-22.1383237754
-42.5586912526
-22.1512582263
-42.5433885553
-22.165072016
-42.5279612916
-22.1798498821
-42.5124270402
-22.1956778253
-42.4968032937
-22.2126402745
-42.4811074537
-22.2308172514
-42.465358057
-22.2502799448
-42.4495764326
-22.2710854833
-42.4337821557
-22.2932770562
-42.4179840849
-22.3168897926
-42.4021821697
-22.3419518781
-42.3863697294
-22.3684854066
-42.3705357316
-22.3965072316
-42.354667071
-22.4260298181
-42.3387508481
-22.4570620943
-42.3227766477
-22.4896103027
-42.3067388178
-22.5236788527
-42.2906387478
-22.5592711712
-42.2744871478
-22.5963905549
-42.2583002853
-22.635039367
-42.2420909103
-22.6752171872
-42.2258676353
-22.7169215662
-42.2096345645
-22.7601484261
-42.1933942573
-22.8048831728
-42.177149161
-22.8510992519
-42.1609016104
-22.8987615566
-42.1446538278
-22.9478298349
-42.1284079231
-22.9982620968
-42.112165894
-23.0500180215
-42.0959296256
-23.1030624386
-42.0797021214
-23.1573696815
-42.0634891645
-23.2129238797
-42.047298851
-23.2697198416
-42.0311451722
-23.3277611996
-42.0150559889
-23.387052829
-41.9990702344
-23.44759803
-41.9832346463
-23.5093959733
-41.9675959511
-23.5724416408
-41.952191953
-23.6367282812
-41.9370501663
-23.7022470209
-41.9221865199
-23.7689864411
-41.9076040598
-23.836932156
-41.8932916538
-23.9060663903
-41.8792226943
-23.9763675567
-41.8653598438
-24.0478114889
-41.8516650919
-24.1203737201
-41.8381014841
-24.1940287683
-41.8246380611
-24.2687400962
-41.8112532672
-24.3444575165
-41.7979338939
-24.4211200108
-41.7846672353
-24.4986592373
-41.7714405506
-24.5770010816
-41.7582410684
-24.6560670889
-41.7450559915
-24.7357758959
-41.7318725014
-24.8160445889
-41.7186765315
-24.8967891901
-41.7054511111
-24.9779292041
-41.6921809104
-25.059388805
-41.6788601335
-25.1410926633
-41.6654855268
-25.2229686861
-41.6520542607
-25.3049499314
-41.6385626462
-25.3869762683
-41.6250094004
-25.4689935425
-41.6114000068
-25.5509502269
-41.5977435319
-25.6327969165
-41.5840493708
-25.7144858577
-41.5703239933
-25.7959704762
-41.556567689
-25.8772049055
-41.5427773553
-25.9581451702
-41.5289545966
-26.038751416
-41.5151053682
-26.1189875346
-41.5012393726
-26.1988211444
-41.4873661192
-26.2782328576
-41.4734923236
-26.3572180591
-41.459618528
-26.4357820176
-41.4457447324
-26.5139347402
-41.4318709368
-26.5916882854
-41.4179971412
-26.669054196
-41.4041233456
-26.7460408578
-41.3902495501
-26.822648396
-41.3763757545
-26.8988668301
-41.3625019589
-26.9746762178
-41.3486240888
-27.0500495678
-41.3347265994
-27.1249610804
-41.3207899635
-27.1993874747
-41.3067932875
-27.2733101415
-41.2927191158
-27.3467153071
-41.2785530834
-27.4195926345
-41.2642837278
-27.491935318
-41.2499035124
-27.5637399932
-41.2354098489
-27.6350066483
-41.2208061195
-27.7057385349
-41.2061027003
-27.7759420787
-41.1913119417
-27.8456251356
-41.1764378378
-27.9147942008
-41.1614741504
-27.9834542229
-41.1464026557
-28.0516084535
-41.1311913916
-28.1192582966
-41.1157961305
-28.1864026405
-41.1001738834
-28.2530377536
-41.0842868734
-28.3191587053
-41.0681037505
-28.3847604039
-41.0515967458
-28.4498393381
-41.0347371939
-28.5143958996
-41.0174959861
-28.5784384479
-40.9998440431
-28.6419841114
-40.9817527881
-28.7050576019
-40.9631956909
-28.7676896299
-40.9441539232
-28.8299131688
-40.9246166724
-28.8917608109
-40.9045806187
-28.9532623768
-40.8840463865
-29.0144447713
-40.8630201499
-29.0753333986
-40.8415150764
-29.1359520878
-40.8195515612
-29.1963231995
-40.7971574612
-29.2564677334
-40.7743658636
-29.3164050831
-40.7512120864
-29.3761526611
-40.7277334336
-29.4357259085
-40.703968957
-29.495138305
-40.6799592171
-29.5544013785
-40.6557460447
-29.6135247157
-40.6313724947
-29.672516017
-40.6068850123
-29.7313829673
-40.5823265866
-29.7901353655
-40.5577349944
-29.8487847932
-40.5331415857
-29.9073441647
-40.5085741294
-29.9658265733
-40.4840612908
-30.0242436294
-40.4596321789
-30.0826045205
-40.4353158728
-30.1409150738
-40.4111401271
-30.1991766348
-40.3871272902
-30.2573849785
-40.363288691
-30.3155319709
-40.3396245757
-30.3736061873
-40.3161264031
-30.4315930267
-40.2927853885
-30.4894738712
-40.2695933423
-30.5472265992
-40.2465422286
-30.6048263148
-40.2236237233
-30.6622460768
-40.2008287724
-30.7194576277
-40.1781496159
-30.7764324757
-40.1555825799
-30.8331431056
-40.1331281133
-30.8895638057
-40.1107908191
-30.9456714946
-40.0885794854
-31.0014465472
-40.0665071162
-31.0568736215
-40.044587286
-31.1119444855
-40.0228257823
-31.1666586342
-40.0012180248
-31.2210219384
-39.9797487012
-31.2750457969
-39.9583954636
-31.328745584
-39.9371342567
-31.3821385899
-39.915939715
-31.4352426822
-39.8947855405
-31.4880749702
-39.8736448803
-31.54065047
-39.8524915264
-31.5929809528
-39.831302831
-31.6450741603
-39.8100600414
-31.6969324196
-39.7887473886
-31.7485531415
-39.7673477428
-31.7999330119
-39.7458340085
-31.8510693465
-39.7241683267
-31.9019598977
-39.7023025583
-31.9526024462
-39.6801787673
-32.0029943933
-39.6577321694
-32.0531327052
-39.6348948493
-32.1030139868
-39.611596722
-32.1526341717
-39.5877664888
-32.201988211
-39.5633325936
-32.2510697629
-39.5382241787
-32.2998708815
-39.5123720415
-32.3483817058
-39.4857130741
-32.3965881035
-39.4581941715
-32.4444702713
-39.4297725862
-32.4920037344
-39.4004162841
-32.5391603464
-39.3701002397
-32.5859099933
-39.3388010992
-32.6322228045
-39.306496839
-32.6780720224
-39.2731664507
-32.7234364077
-39.238790364
-32.7683006411
-39.2033525853
-32.8126560855
-39.1668402542
-32.8565009479
-39.1292429949
-32.899840395
-39.0905533049
-32.9426847381
-39.0507688556
-32.9850441728
-39.0098928048
-33.0269273123
-38.9679340059
-33.0683399129
-38.9249072174
-33.1092835994
-38.8808333131
-33.1497545901
-38.8357370252
-33.1897426163
-38.789643932
-33.2292356062
-38.7425802317
-33.2682210129
-38.6945725246
-33.306685508
-38.6456475965
-33.3446146763
-38.5958322016
-33.3819927097
-38.5451563287
-33.4188000561
-38.4936559361
-33.4550120248
-38.4413721333
-33.4905997913
-38.3883503632
-33.5255314023
-38.3346395838
-33.5597727801
-38.2802914506
-33.5932887276
-38.2253595003
-33.6260439331
-38.1698991725
-33.6580025952
-38.1139673291
-33.6891285103
-38.057620135
-33.7193871615
-38.0009092237
-33.7487474489
-37.9438804435
-33.7771840191
-37.8865738495
-33.8046777117
-37.829025607
-33.8312125605
-37.7712679055
-33.8567765885
-37.7133287714
-33.8813627945
-37.6552318799
-33.9049701401
-37.5969963673
-33.9276045367
-37.5386366432
-33.9492798325
-37.480161763
-33.9700182534
-37.4215744657
-33.9898449484
-37.3628720153
-34.0087862773
-37.3040471485
-34.0268697312
-37.2450890218
-34.0441238532
-37.1859841588
-34.0605781597
-37.1267139131
-34.0762651064
-37.0672524644
-34.091221098
-37.007563981
-34.1054850984
-36.9475983756
-34.1190972411
-36.8872954048
-34.1320974393
-36.8265888914
-34.1445239965
-36.765410881
-34.1564108376
-36.7036948892
-34.1677852004
-36.6413797286
-34.1786675162
-36.5784142374
-34.1890712948
-36.5147620075
-34.1990030108
-36.4504035651
-34.2084619886
-36.3853285438
-34.2174422188
-36.3195325116
-34.2259376186
-36.253016636
-34.2339434998
-36.1857874526
-34.2414578442
-36.1178566336
-34.2484825785
-36.0492407558
-34.2550248504
-35.9799610693
-34.2610977575
-35.9100436937
-34.2667151812
-35.8395201074
-34.2718903628
-35.7684257974
-34.2766361122
-35.6967988005
-34.2809650173
-35.6246782443
-34.2848896534
-35.5521028883
-34.2884227919
-35.4791100093
-34.2915750318
-35.40573651
-34.2943390815
-35.3320229481
-34.2966903512
-35.2580185757
-34.2985909262
-35.1837780355
-34.2999935411
-35.1093579318
-34.3008455535
-35.0348125638
-34.3010942969
-34.9601901613
-34.3006919732
-34.8855299368
-34.2995983563
-34.8108591367
-34.2977834913
-34.7361900935
-34.2952303923
-34.661518844
-34.2919359899
-34.5868284909
-34.2879016114
-34.5120920326
-34.2831296745
-34.437275413
-34.2776219645
-34.3623405702
-34.2713779124
-34.2872484858
-34.2643928717
-34.2119622343
-34.2566563969
-34.1364504717
-34.2481510663
-34.0606912595
-34.2388572011
-33.9846740841
-34.2287538432
-33.908401771
-34.2178180981
-33.8318923986
-34.2060244795
-33.7551812128
-34.1933442524
-33.6783191084
-34.1797446472
-33.6013651356
-34.1651910523
-33.5243876616
-34.149663353
-33.4474686956
-34.1331559827
-33.3707002646
-34.1156745922
-33.2941806683
-34.0972327184
-33.218010734
-34.0778484539
-33.1422909743
-34.0575411161
-33.0671182496
-34.0363279162
-32.9925815296
-34.0142206285
-32.9187576544
-33.9912222594
-32.8457096445
-33.9673237169
-32.7734949587
-33.9425022307
-32.7021714142
-33.9167302399
-32.6317962224
-33.8899780666
-32.5624239549
-33.8622150062
-32.4941045094
-33.8334104177
-32.426880915
-33.8035346973
-32.3607850156
-33.7725583466
-32.2958352395
-33.740452027
-32.2320350848
-33.7071872571
-32.1693734406
-33.6727371096
-32.1078250165
-33.6370769088
-32.0473507731
-33.6001849279
-31.9878983514
-33.5620430863
-31.9294055908
-33.5226403547
-31.8718074548
-33.4819891092
-31.8150335428
-33.4401243771
-31.7590043015
-33.3970996793
-31.7036355786
-33.3529828733
-31.6488428787
-33.307852274
-31.594543398
-33.2617937438
-31.5406592948
-33.2148962488
-31.4871212344
-33.167247188
-31.4338719346
-33.1189277229
-31.3808697113
-33.0700081067
-31.3280904565
-33.0205447653
-31.275524874
-32.9705878445
-31.2231762463
-32.9201825445
-31.1710579822
-32.86936887
-31.1191911648
-32.8181813809
-31.0676020988
-32.766648942
-31.016320019
-32.71479459
-30.9653769201
-32.6626373051
-30.9148048611
-32.6101927973
-30.8646308873
-32.5574707911
-30.8148722932
-32.5044726908
-30.7655342859
-32.4511941289
-30.7166076606
-32.3976275449
-30.6680699096
-32.3437648927
-30.6198923068
-32.2895973698
-30.5720427213
-32.235101
-30.5244866758
-32.1802385038
-30.4771880089
-32.1249645512
-30.4301095373
-32.0692310139
-30.3832141404
-32.0129919399
-30.3364672303
-31.9562057847
-30.2898355222
-31.8988348294
-30.2432867024
-31.8408482238
-30.1967892036
-31.7822252826
-30.1503119798
-31.7229587816
-30.1038233008
-31.6630565025
-30.0572853213
-31.6025323109
-30.0106546826
-31.5414034479
-29.9638841842
-31.4796894051
-29.9169244556
-31.4174107999
-29.8697257888
-31.3545883669
-29.8222407554
-31.2912441924
-29.7744195083
-31.2274037008
-29.7262129801
-31.1630955554
-29.6775788341
-31.0983541177
-29.6284870727
-31.033221527
-29.5789232479
-30.9677448955
-29.5288916567
-30.9019734746
-29.4784151057
-30.8359556915
-29.4275290431
-30.7697365857
-29.3762821852
-30.7033560445
-29.3247374328
-30.6368470591
-29.2729718571
-30.570233958
-29.2210613087
-30.5035301168
-29.1690752151
-30.4367352241
-29.1170763663
-30.369836031
-29.0651228911
-30.3028116751
-29.0132690602
-30.2356356061
-28.9615659815
-30.1682772578
-28.9100622961
-30.1007037209
-28.8588048739
-30.0328814151
-28.8078395095
-29.9647777614
-28.7572116176
-29.8963628549
-28.706966929
-29.8276111367
-28.6571521862
-29.7585030667
-28.6078156788
-29.6890266794
-28.5590069941
-29.6191768976
-28.510779324
-29.5489542899
-28.4631772488
-29.4783687471
-28.4162374824
-29.4074420977
-28.3699882009
-29.3362057862
-28.3244483589
-29.2646985227
-28.2796270049
-29.1929639325
-28.2355225973
-29.1210482061
-28.1921223197
-29.0489977487
-28.149401397
-28.9768568299
-28.1073224109
-28.9046652333
-28.0658355463
-28.8324559294
-28.0248936276
-28.7602530354
-27.984451719
-28.6880709165
-27.9444659044
-28.6159187748
-27.9048920381
-28.5438021958
-27.8656843883
-28.4717244405
-27.8267942806
-28.3996877394
-27.7881687415
-28.327694585
-27.7497491414
-28.2557490249
-27.7114688367
-28.1838579344
-27.6732357704
-28.1120311578
-27.6349338818
-28.0402800832
-27.5964327166
-27.9686161176
-27.5575983741
-27.897048824
-27.5183092438
-27.8255823216
-27.478467565
-27.7542129309
-27.4380162034
-27.6829242859
-27.3969410575
-27.6116838069
-27.3552748811
-27.5404441101
-27.3130866322
-27.4691414962
-27.2704460879
-27.3976942905
-27.2274172719
-27.3260115692
-27.1840532877
-27.2540022655
-27.1403911517
-27.1815842755
-27.0964475566
-27.108693587
-27.0522258245
-27.0352907559
-27.0077032626
-26.9613552648
-26.9628372748
-26.8868856289
-26.9175702084
-26.8118933549
-26.8718345065
-26.7363997152
-26.8255579671
-26.6604327763
-26.778669002
-26.5840244267
-26.731101896
-26.5072074042
-26.6828020662
-26.4300123243
-26.6337323227
-26.3524647285
-26.5838895038
-26.2745850393
-26.5332965497
-26.1963911814
-26.4819918496
-26.1178984436
-26.4300173428
-26.0391196383
-26.3774065899
-25.9600668021
-26.3241897495
-25.8807514787
-26.270385252
-25.8011856834
-26.2159904905
-25.72138292
-26.1609725105
-25.6413591975
-26.1052731867
-25.5611369967
-26.0488391339
-25.4807493851
-25.9916219209
-25.4002328617
-25.9335760555
-25.3196189982
-25.8746613138
-25.2389304247
-25.8148444553
-25.1581771088
-25.7540903363
-25.0773555248
-25.6923792897
-24.9964612517
-25.6297101273
-24.9154922773
-25.5661001891
-24.8344506539
-25.5015815606
-24.7533403228
-25.4361965629
-24.6721642108
-25.3699955147
-24.5909235991
-25.3030344947
-24.5096174929
-25.2353741054
-24.4282420103
-25.1670932782
-24.3467909038
-25.0982889363
-24.2652558709
-25.0290732087
-24.1836258673
-24.9595651718
-24.1018892775
-24.8898824689
-24.0200347593
-24.8201281988
-23.9380526122
-24.7503698898
-23.8559381085
-24.6806331859
-23.7736938465
-24.6108965169
-23.6913320516
-24.5411002545
-23.608879827
-24.471180603
-23.5263845532
-24.4010746777
-23.4439089008
-24.3307250618
-23.3615263485
-24.2600851859
-23.2793175236
-24.1891203635
-23.1973621129
-24.1178130028
-23.1157284235
-24.0461795028
-23.0344763434
-23.9742622366
-22.9536554069
-23.9021203353
-22.8733046582
-23.8298213538
-22.7934531137
-23.7574367687
-22.7141240544
-23.6850382041
-22.6353400469
-23.6126913846
-22.5571256921
-23.5404500884
-22.4795103729
-23.4683490989
-22.4025309826
-23.3963867818
-22.3262317454
-23.3245322237
-22.2506613723
-23.2527351338
-22.175872746
-23.1809362025
-22.1019187277
-23.1090769463
-22.0288515683
-23.0371092721
-21.95672342
-22.965004986
-21.8855848609
-22.8927653019
-21.8154834159
-22.8204303503
-21.7464620773
-22.7480742009
-21.6785548763
-22.6757751505
-21.6117823053
-22.6036157078
-21.5461580113
-22.5316848076
-21.4816966916
-22.4600756803
-21.4184176466
-22.3888834074
-21.3563481016
-22.3181979802
-21.2955285612
-22.2480850901
-21.2360045268
-22.1785857469
-21.1778220352
-22.1097184245
-21.1210215746
-22.0414854831
-21.0656340056
-21.9738795445
-21.0116826187
-21.9068875771
-20.9591830454
-21.8404949797
-20.9081431684
-21.7746896658
-20.8585630328
-21.7094661477
-20.8104347563
-21.6448249541
-20.7637442156
-21.5807662955
-20.7184738323
-21.5172891659
-20.6746027281
-21.4543900187
-20.6321121262
-21.3920619575
-20.5909881872
-21.3302933567
-20.551219656
-21.2690652778
-20.5127916158
-21.2083516099
-20.4756843244
-21.1481194035
-20.439872455
-21.0883292042
-20.4053243363
-21.0289353862
-20.3720011929
-20.9698856018
-20.3398555016
-20.9111194071
-20.3088285241
-20.8525712341
-20.2788522705
-20.7941737937
-20.2498567102
-20.7358614258
-20.221775175
-20.6775733811
-20.194546962
-20.6192571024
-20.1681199359
-20.5608696124
-20.1424525212
-20.5023735645
-20.1175122299
-20.4437347875
-20.0932719357
-20.384922129
-20.0697083113
-20.325907298
-20.0468002653
-20.2666647085
-20.0245273792
-20.207171322
-20.0028683446
-20.1474064907
-19.9817994003
-20.0873517641
-19.9612929977
-20.0269901471
-19.9413203859
-19.9663058719
-19.9218505916
-19.9052850395
-19.9028482992
-19.8439179987
-19.8842754917
-19.7822013556
-19.8660969842
-19.7201371686
-19.8482808759
-19.6577319522
-19.8307985975
-19.5949956791
-19.8136249583
-19.5319407837
-19.7967381944
-19.4685811647
-19.7801200157
-19.4049311878
-19.7637556534
-19.3410046872
-19.7476338209
-19.2768138517
-19.7317417442
-19.2123681648
-19.7160619995
-19.1476732089
-19.7005721522
-19.0827272124
-19.6852470831
-19.0175215586
-19.6700664233
-18.9520440438
-19.6550180414
-18.8862807064
-19.6400975205
-18.8202176496
-19.6253076207
-18.7538428641
-19.6106577401
-18.6871480511
-19.5961633774
-18.6201304449
-19.5818455938
-18.552794634
-19.5677304694
-18.4851524032
-19.5538438974
-18.4172219194
-19.5402038466
-18.3490274884
-19.5268191403
-18.2805992357
-19.5136914378
-18.2119730792
-19.5008211045
-18.1431895501
-19.4882079999
-18.0742925103
-19.4758518615
-18.0053278704
-19.4637526888
-17.9363423069
-19.4519111273
-17.8673819799
-19.4403288522
-17.7984912504
-19.4290089527
-17.7297113981
-19.4179563156
-17.6610793388
-19.4071780095
-17.592626342
-19.3966836687
-17.5243757855
-19.3864833114
-17.4563407244
-19.3765808679
-17.3885283085
-19.3669736666
-17.3209428593
-19.3576518188
-17.2535858104
-19.3485991296
-17.1864556224
-19.3397941177
-17.1195476975
-19.3312110366
-17.0528542943
-19.322820894
-16.9863644428
-19.3145924727
-16.920063859
-19.3064933508
-16.8539348613
-19.2984909267
-16.7879583029
-19.2905578796
-16.7221163737
-19.2826762408
-16.6563902033
-19.2748371868
-16.5907571227
-19.2670390584
-16.5251890077
-19.2592814902
-16.459653437
-19.2515646227
-16.3941150429
-19.2438887184
-16.3285368618
-19.2362537778
-16.2628816848
-19.2286591554
-16.1971134079
-19.221103176
-16.1311983833
-19.2135827503
-16.0651067693
-19.2060929916
-15.9988138814
-19.1986268313
-15.932301554
-19.1911746352
-15.8655616488
-19.183726385
-15.7986018402
-19.1762781502
-15.7314433801
-19.1688299154
-15.6641167644
-19.1613816806
-15.5966588464
-19.1539334459
-15.5291099573
-19.1464852111
-15.4615110265
-19.1390369763
-15.3939007019
-19.1315887416
-15.3263124701
-19.1241405068
-15.2587717785
-19.1166922769
-15.1912951729
-19.1092485014
-15.1238904141
-19.1018211256
-15.0565556991
-19.0944283637
-14.9892831633
-19.0870934711
-14.9220619585
-19.0798435169
-14.8548790431
-19.0727081567
-14.7877198832
-19.0657184052
-14.7205691532
-19.0589054087
-14.6534114379
-19.0522992179
-14.5862319325
-19.04592756
-14.5190171446
-19.0398146119
-14.4517555945
-19.0339797726
-14.3844391485
-19.0284364355
-14.3170649947
-19.0231907616
-14.2496367526
-19.0182430171
-14.1821647027
-19.013593202
-14.1146609774
-19.0092413163
-14.0471380552
-19.00518736
-13.9796081709
-19.001431333
-13.9120827258
-18.9979732355
-13.8445716972
-18.9948130673
-13.7770830484
-18.9919508285
-13.7096221388
-18.9893865191
-13.642189935
-18.9871183048
-13.5747780248
-18.9851345177
-13.5073684139
-18.9834098665
-13.4399335246
-18.9819042289
-13.3724409194
-18.9805657232
-13.3048564901
-18.97933378
-13.237146933
-18.9781422138
-13.1692822239
-18.9769222946
-13.1012380934
-18.9756058195
-13.0329985016
-18.9741281843
-12.964556926
-18.9724306582
-12.8959097925
-18.9704574489
-12.8270548357
-18.9681561747
-12.7579908431
-18.9654792751
-12.688716769
-18.9623854201
-12.6192301915
-18.9588409198
-12.5495256472
-18.9548185691
-12.4795925889
-18.9502922012
-12.4094169566
-18.9452366043
-12.338982872
-18.9396277034
-12.2682743342
-18.933442743
-12.1972769174
-18.9266604692
-12.1259801405
-18.9192612036
-12.0543795479
-18.911226677
-11.9824782213
-18.9025398355
-11.9102894918
-18.8931864828
-11.8378428466
-18.883163081
-11.7651832624
-18.8724759079
-11.692369475
-18.8611390208
-11.6194685568
-18.8491722183
-11.5465518331
-18.8365990038
-11.4736915116
-18.8234445481
-11.400957312
-18.8097336523
-11.3284130963
-18.7954887106
-11.2561134984
-18.7807276733
-11.1841017412
-18.7654628059
-11.1124153106
-18.7497046598
-11.0410867003
-18.7334626329
-10.9701421406
-18.716744595
-10.8995996832
-18.6995565121
-10.8294673981
-18.6819014243
-10.7597433377
-18.6637787115
-10.6904178259
-18.6451842192
-10.6214752887
-18.626110385
-10.5528960842
-18.6065463647
-10.4846583326
-18.5864781591
-10.4167397437
-18.5658887399
-10.349118772
-18.544758285
-10.2817760619
-18.5230646534
-10.214697659
-18.5007857216
-10.1478814164
-18.4779078795
-10.0813366032
-18.4544258821
-10.0150824413
-18.4303415076
-9.94914652511
-18.4056622143
-9.88356343791
-18.3803997983
-9.81837336804
-18.354569051
-9.75361898333
-18.328185722
-9.68933934411
-18.301263461
-9.62556713029
-18.2738122273
-9.56232721117
-18.2458375596
-9.49964307157
-18.2173450565
-9.43753830905
-18.1883414487
-9.37603674663
-18.1588347348
-9.31516317672
-18.1288343159
-9.2549447496
-18.0983511317
-9.19541226073
-18.0673984422
-9.13660065101
-18.0359923225
-9.0785472528
-18.0041512968
-9.02129003542
-17.9718959719
-8.96486585068
-17.9392486709
-8.90930867525
-17.9062330674
-8.85464718156
-17.8728739271
-8.80090313864
-17.8391974492
-8.74809110299
-17.8052317801
-8.69621596249
-17.7710047865
-8.64526725343
-17.7365356428
-8.59522027579
-17.7018350636
-8.54603805527
-17.6669067295
-8.49767330534
-17.6317487142
-8.45007038931
-17.5963549105
-8.40316728238
-17.5607164569
-8.35689927563
-17.5248238588
-8.31120564141
-17.4886701299
-8.26603298458
-17.4522524672
-8.22133725106
-17.4155730652
-8.17707788015
-17.3786347187
-8.1332168856
-17.3414398349
-8.08971932129
-17.3039903819
-8.04655374691
-17.2662878372
-8.00369441188
-17.228333783
-7.96112273677
-17.1901302143
-7.91882654043
-17.1516789858
-7.87679926667
-17.1129812589
-7.83503846187
-17.0740314993
-7.79354295366
-17.0348027837
-7.75231282501
-16.9952532817
-7.71135027673
-16.9553342411
-7.67065965995
-16.914997373
-7.63024621875
-16.8742020643
-7.59011578096
-16.8329234977
-7.55027339135
-16.7911542474
-7.51072025191
-16.7488927863
-7.47145271026
-16.7061417268
-7.43246133388
-16.6629065321
-7.39372998438
-16.619194226
-7.3552366337
-16.5750127988
-7.31695714166
-16.5303716324
-7.2788657194
-16.4852804602
-7.24093523776
-16.4397482616
-7.20313753558
-16.393782156
-7.16544372801
-16.3473862983
-7.12782451487
-16.3005607726
-7.09025048894
-16.2533004875
-7.05269241831
-16.2055936778
-7.01511925212
-16.1574150605
-6.97749671975
-16.1087260958
-6.93978828018
-16.0594786468
-6.90195607185
-16.0096186404
-6.86396261145
-15.9590951766
-6.82577379177
-15.9078783303
-6.78735908727
-15.8559557752
-6.74869100227
-15.8033274406
-6.70974379655
-15.7500000211
-6.6704932602
-15.6959808222
-6.63091709943
-15.6412636723
-6.59099619732
-15.5858262284
-6.55071750838
-15.529641386
-6.51007490485
-15.4726789555
-6.46906993722
-15.414906869
-6.42771259472
-15.3562923862
-6.38602032391
-15.2968026073
-6.34401408583
-15.2364039638
-6.30171772734
-15.1750631769
-6.25915752996
-15.1127486161
-6.21636177542
-15.0494335185
-6.17336002706
-14.9850975238
-6.13018237344
-14.9197278371
-6.08685867192
-14.8533203915
-6.04341781826
-14.7858814031
-5.99988757455
-14.7174336248
-5.95629450613
-14.6480157841
-5.91266382267
-14.5776794814
-5.86901996832
-14.5064915372
-5.82538851077
-14.4345450313
-5.7817952381
-14.3619491646
-5.73826595909
-14.2888189485
-5.69482781642
-14.2152668543
-5.65150886431
-14.1413908538
-5.60833648963
-14.0672629598
-5.56533631108
-13.9929322464
-5.52253298536
-13.9184361149
-5.47994902436
-13.8438008083
-5.43760352656
-13.7690414577
-5.39551090841
-13.694162128
-5.35367963572
-13.6191558636
-5.3121038955
-13.5439976952
-5.27074907225
-13.4686319579
-5.22956033683
-13.39298314
-5.18847235507
-13.3169675454
-5.14741897982
-13.2405030979
-5.10634322708
-13.1635208278
-5.06520720194
-13.0859766493
-5.02398631148
-13.0078484974
-4.98265974958
-12.9291329044
-4.94120906495
-12.8498419238
-4.8996166333
-12.769997514
-4.85786412955
-12.689625922
-4.815930251
-12.6087466185
-4.77378721
-12.5273527157
-4.73140235314
-12.4454171303
-4.68874012591
-12.3628981091
-4.64576267619
-12.2797416417
-4.60243281484
-12.1958892002
-4.55871650406
-12.1112936026
-4.51458447068
-12.0259234829
-4.47001186004
-11.9397531746
-4.42497777189
-11.8527604294
-4.37946569161
-11.7649278366
-4.33346419081
-11.6762447873
-4.28696762793
-11.586709438
-4.23998390832
-11.4963377141
-4.19254843997
-11.4051780009
-4.14471495417
-11.3133019685
-4.09654516726
-11.2207923862
-4.04809872654
-11.1277326192
-3.99942226202
-11.0341954252
-3.95053749258
-10.9402287243
-3.90144874753
-10.8458581868
-3.85215445692
-10.7510905868
-3.80265055868
-10.655916811
-3.75293400157
-10.5603174056
-3.70300624816
-10.4642681242
-3.65287677779
-10.3677454751
-3.60256652101
-10.2707320941
-3.55210803942
-10.1732161124
-3.50154248812
-10.0751901036
-3.45091141592
-9.97665757362
-3.40025471118
-9.87763585966
-3.34961075645
-9.77815053815
-3.29901636911
-9.67823467771
-3.24850700854
-9.5779295896
-3.19811914941
-9.47728747713
-3.14789184544
-9.37637085354
-3.09786802388
-9.27525141572
-3.04810283944
-9.17401595709
-2.99867822381
-9.07277796879
-2.94969432267
-8.97166571083
-2.9012583429
-8.87080949687
-2.85346358202
-8.77033132923
-2.80637963325
-8.67033317145
-2.76004653416
-8.57088599638
-2.71448568797
-8.47203697675
-2.66971136892
-8.37381975753
-2.62573401269
-8.27625735826
-2.58256350693
-8.17936507544
-2.54021248164
-8.08315338484
-2.49869606531
-7.98762893377
-2.45802765776
-7.89279488579
-2.41821634306
-7.79864996809
-2.37926422544
-7.70518980126
-2.34116632218
-7.61241097016
-2.30391600767
-7.52030906162
-2.26750441276
-7.42887872107
-2.23191819491
-7.33811424272
-2.19713763406
-7.24801064145
-2.16313689467
-7.15856662373
-2.12988152914
-7.06978234326
-2.09732438695
-6.98165342241
-2.06540794921
-6.89416973017
-2.03405989555
-6.8073073753
-2.00318247544
-6.72101501118
-1.97266499205
-6.63522367069
-1.9423988983
-6.54985772392
-1.91230272745
-6.46484534532
-1.88233608988
-6.38012963336
-1.85249967412
-6.29567964192
-1.82282005078
-6.21148483937
-1.79333495403
-6.12754527626
-1.76408653732
-6.04386891528
-1.73511462905
-5.96046896129
-1.70644998825
-5.87736119129
-1.67811109468
-5.79456319456
-1.65010492206
-5.71209426027
-1.62242607132
-5.62997656244
-1.59505809719
-5.54823512828
-1.56798245518
-5.46689401986
-1.54118151121
-5.3859747005
-1.51463992205
-5.30549493464
-1.48834601568
-5.22546768759
-1.46229284592
-5.14589954352
-1.43647708097
-5.06678722448
-1.41089754791
-4.98811951299
-1.38555355045
-4.90988345182
-1.36044289267
-4.83206574931
-1.33555973767
-4.75465392604
-1.31089246628
-4.6776374616
-1.28642300569
-4.60100891287
-1.26213599256
-4.52476454166
-1.23801647629
-4.44890462159
-1.21404413478
-4.37343277888
-1.19019843659
-4.29835534684
-1.16646326106
-4.22368225849
-1.14282675457
-4.1494269728
-1.11928118676
-4.07560640105
-1.09582280668
-4.00224083305
-1.07245088953
-3.92935521427
-1.0491688674
-3.85698047967
-1.02598631271
-3.78515213262
-1.00292088309
-3.71390879154
-0.979999070377
-3.64329110697
-0.95724894051
-3.57334295663
-0.934698810651
-3.50411045575
-0.912377555623
-3.43564043393
-0.890314914339
-3.36797891212
-0.868541796226
-3.30116957943
-0.847092536706
-3.23525425396
-0.82601158018
-3.170276345
-0.805355558693
-3.10627901599
-0.7851889474
-3.04330313085
-0.765579593125
-2.98138520462
-0.746594242919
-2.92055535407
-0.728292602754
-2.86083527676
-0.710711561607
-2.80223672069
-0.693861281334
-2.74476037527
-0.677736179249
-2.68839790493
-0.662320719472
-2.63313393503
-0.647590843705
-2.57894659746
-0.633515809578
-2.52580785604
-0.620060029006
-2.47368383186
-0.607184906528
-2.42253512866
-0.594851487185
-2.37231580737
-0.58302102032
-2.32297230396
-0.571654670696
-2.2744451021
-0.560713268186
-2.22667043827
-0.550157057436
-2.17958200683
-0.539945447552
-2.13311266508
-0.530036761769
-2.0871961384
-0.52038798713
-2.04176872527
-0.510954524163
-1.9967710024
-0.501689936554
-1.95214952975
-0.492546854306
-1.90785638353
-0.483478372998
-1.86384495612
-0.474439747144
-1.82007055065
-0.465390248525
-1.776491234
-0.456295024525
-1.73306868987
-0.447126956454
-1.68976907185
-0.437868517886
-1.64656385646
-0.42851363299
-1.60343069618
-0.419069129021
-1.56035417209
-0.409704985066
-1.51739292726
-0.400485366668
-1.47457133309
-0.391423994985
-1.4319039414
-0.38251073195
-1.38939557849
-0.373734557971
-1.34704379688
-0.36508306497
-1.30483919784
-0.356541802357
-1.26276594761
-0.348093441834
-1.22080256022
-0.339716690872
-1.17892305017
-0.331384850867
-1.13709860788
-0.323063862067
-1.09530003025
-0.314709588911
-1.05350126898
-0.306266484726
-1.01168312348
-0.297680412303
-0.969828062773
-0.288903455147
-0.927917379846
-0.279893861369
-0.88593082816
-0.270612885057
-0.843846446525
-0.261019806551
-0.801640926859
-0.251073084041
-0.75928994407
-0.240731632065
-0.716768481714
-0.229956100017
-0.674051157661
-0.218710150641
-0.631112549754
-0.206961738538
-0.587927521471
-0.194684388663
-0.544471547588
-0.186002612845
-0.502798764497
-0.176464809592
-0.460766815921
-0.165749679385
-0.418091886046
-0.153648403103
-0.374598448617
-0.13992896788
-0.330229061624
-0.124376716571
-0.285049242836
-0.106931376201
-0.239175904047
-0.0878058385861
-0.192642409956
-0.0672750179429
-0.145453416535
-0.0456138284869
-0.0976135797538
-0.023097184434
-0.0491275555851
0
0
