2
1000
-25.7139437895
-2.28959773468
-25.7145574865
-2.28911481288
-25.7159858362
-2.2879623697
-25.7181818145
-2.28614324894
-25.7210983971
-2.28366029438
-25.7246885599
-2.28051634983
-25.7289052789
-2.27671425907
-25.7337015298
-2.27225686588
-25.739031249
-2.26713691537
-25.7449036893
-2.26100075683
-25.7515177839
-2.25306943134
-25.7596552434
-2.24274693083
-25.7709141087
-2.22959239487
-25.779832666
-2.21971596365
-25.7895961794
-2.20899869831
-25.8002106752
-2.19742733512
-25.81168355
-2.18498766377
-25.8240255772
-2.17166327235
-25.8372529136
-2.15743429223
-25.8513876353
-2.14227550903
-25.8664561133
-2.12615630712
-25.8824887235
-2.10904310117
-25.8995195786
-2.09090178797
-25.9175862599
-2.07170019816
-25.9367309544
-2.05140981382
-25.9570070406
-2.03000292734
-25.9784751428
-2.00745257425
-26.001197391
-1.98373319973
-26.0252316814
-1.95882132513
-26.0506252836
-1.93270308166
-26.0774044755
-1.90541531343
-26.1055741966
-1.87703814802
-26.1351185214
-1.84766946324
-26.1660010814
-1.81740472165
-26.1981185663
-1.78633588079
-26.2312016806
-1.75458005785
-26.2650011994
-1.72223509945
-26.2994355215
-1.68933967173
-26.3349937976
-1.65544992792
-26.3717240854
-1.62051939096
-26.409681141
-1.58449623868
-26.4488989293
-1.5473500511
-26.4893890346
-1.50907265697
-26.5311509331
-1.46966711915
-26.5741741713
-1.4291470397
-26.618442316
-1.38753799767
-26.6639355573
-1.34487375454
-26.7106334206
-1.30119028361
-26.7585169429
-1.25652033442
-26.8075656737
-1.21089250189
-26.8577490896
-1.1643349914
-26.9090287458
-1.11687640528
-26.9613622209
-1.06854579539
-27.0147070804
-1.0193726978
-27.0690214053
-0.969386994153
-27.1242478422
-0.91862294976
-27.1803173096
-0.86711502461
-27.2371581418
-0.814895997965
-27.2947060643
-0.76199554713
-27.3529141681
-0.708438827419
-27.4117563839
-0.654246388113
-27.471210554
-0.599438914163
-27.5312520963
-0.544041126632
-27.5918433931
-0.488091305221
-27.6529193837
-0.431656031488
-27.7144079187
-0.374809219377
-27.7762515536
-0.317609569921
-27.8384055734
-0.260101795255
-27.9008269223
-0.202329041601
-27.9634748594
-0.144333792918
-28.026310667
-0.0861523212828
-28.0892973504
-0.0278118623173
-28.1524000921
0.0306709377645
-28.2155858807
0.0892914216109
-28.2788147166
0.148050786618
-28.3420409186
0.206952294222
-28.4052161466
0.26599858532
-28.4682964143
0.325195414311
-28.5312536871
0.384553777983
-28.594089828
0.444091106194
-28.6568567224
0.503837912619
-28.7196567812
0.563836403213
-28.7826179967
0.62413315403
-28.8458600717
0.684769618582
-28.9094605497
0.745772636408
-28.9734451567
0.807149116336
-29.0378164112
0.86888986418
-29.1025496918
0.930965039131
-29.167584258
0.993314208257
-29.2328490638
1.05587214453
-29.2982913403
1.11859753015
-29.3638802384
1.18147642714
-29.4295950832
1.2445082062
-29.4954227382
1.30770322227
-29.5613532156
1.3710793075
-29.6273766224
1.43465577707
-29.6934801266
1.49844741479
-29.7596443612
1.56245771098
-29.8258423728
1.62667355584
-29.8920515532
1.69107615511
-29.9582559115
1.75565085936
-30.0244464246
1.8203956823
-30.0906188124
1.88533347522
-30.1567650897
1.95052268513
-30.2228591845
2.01602208819
-30.2888518127
2.08185336333
-30.3546590463
2.14799938773
-30.4201770891
2.21442749833
-30.485306109
2.2811045825
-30.5499743202
2.34801241846
-30.6141452374
2.41516118346
-30.6778083032
2.48259653746
-30.7409789911
2.55038992636
-30.803700435
2.61862992873
-30.8660200748
2.68739433812
-30.9279699143
2.7567389542
-30.9895701564
2.82671151518
-31.0508496237
2.89738666252
-31.1118493434
2.96887859635
-31.172585877
3.04129248917
-31.2330316449
3.11468533672
-31.2931504386
3.18908712903
-31.3528984595
3.26452170245
-31.4122279128
3.34102893813
-31.4710903804
3.41865669002
-31.5294397637
3.49743892839
-31.5872312354
3.5773829863
-31.6444141749
3.65847039764
-31.7009264766
3.7406645319
-31.7566954098
3.82395581034
-31.8116300796
3.90836867602
-31.8656329222
3.99393472979
-31.9186152891
4.08068053499
-31.9705129
4.16863669253
-32.0212833364
4.25783950963
-32.070884782
4.34831681481
-32.1192700645
4.44007298138
-32.1663932847
4.53309868277
-32.2122188265
4.6273885074
-32.2567205593
4.72294935753
-32.2998750262
4.81979058759
-32.3416588909
4.91791798957
-32.3820405322
5.01731033103
-32.4209761909
5.11790080848
-32.4584459661
5.2196183699
-32.4944728138
5.32242792176
-32.5290865753
5.42631952542
-32.5623247415
5.53130092866
-32.5942288249
5.63738320282
-32.6248396553
5.74462527172
-32.6541919882
5.85305607097
-32.6822949209
5.96263401357
-32.7091349311
6.07326253849
-32.7346951126
6.18481749957
-32.7589751642
6.29718560844
-32.7819983756
6.41029437599
-32.8037983149
6.52411385388
-32.8244185643
6.63864382457
-32.8439071987
6.75389298753
-32.8622881606
6.869871702
-32.8795672488
6.98656533745
-32.8957406205
7.10392897716
-32.910785216
7.22190447528
-32.9246381416
7.34044854355
-32.9372154714
7.45951694482
-32.9484321412
7.57904617536
-32.9582154854
7.69892575349
-32.9664973021
7.81898876559
-32.9732352044
7.9390682875
-32.9784308569
8.05904741007
-32.9820921409
8.17883973856
-32.9842292114
8.29836071946
-32.9848509751
8.41750044669
-32.9839622186
8.53612716864
-32.9815582472
8.65406906255
-32.9776237898
8.77121319406
-32.9721572498
8.88753495897
-32.9651769766
9.00304514099
-32.9567115856
9.11773041478
-32.946789002
9.23152887421
-32.9354387782
9.34435908911
-32.9226942769
9.45614359335
-32.9085738159
9.56680092862
-32.8930670711
9.67623908096
-32.8761622941
9.78435304586
-32.8578569567
9.89106178576
-32.8381507105
9.99632761459
-32.8170559085
10.1001433838
-32.7946189858
10.202496803
-32.7709024214
10.303370698
-32.7459652403
10.4027455787
-32.7198468926
10.5006217335
-32.6925769191
10.5970438829
-32.6641571747
10.6920655388
-32.6345471676
10.7857121604
-32.6037056329
10.8779975539
-32.5715982937
10.9689463163
-32.5381975857
11.0585922872
-32.503481308
11.1469111447
-32.4674350867
11.2338762286
-32.4300681378
11.3194757114
-32.3914015759
11.4036890354
-32.3514504529
11.4865192136
-32.3102151375
11.5679923889
-32.267691854
11.6481325279
-32.2238841021
11.7269384047
-32.1787810085
11.8044148202
-32.1323396387
11.8805710208
-32.0845109381
11.9553852914
-32.0352471968
12.0288360109
-31.9845026949
12.1009122445
-31.9322534906
12.1715850855
-31.878518659
12.24080773
-31.8233375533
12.3085404933
-31.7667468175
12.3747612362
-31.7087620176
12.439517563
-31.6493762358
12.5028962106
-31.5885617101
12.5649508918
-31.5262466575
12.6257058432
-31.462346479
12.6851749859
-31.3968122969
12.7433641014
-31.329627711
12.8002668264
-31.260792151
12.8558800068
-31.1903184292
12.9102592698
-31.1182278573
12.9634486706
-31.0445350101
13.01548559
-30.9692540755
13.0664287
-30.8924107802
13.1163275701
-30.8140517196
13.1652292545
-30.7342279468
13.2131882308
-30.6529714988
13.2602647602
-30.5703022879
13.3065016587
-30.4861682815
13.3519691509
-30.4004521213
13.3967665125
-30.3131604575
13.4409144048
-30.2243295112
13.4844111907
-30.133966976
13.5272574793
-30.0420381181
13.5694620469
-29.9484927824
13.6110309844
-29.8532955951
13.6519720991
-29.7564214527
13.6922528048
-29.6578142076
13.731874549
-29.5574137322
13.7709119085
-29.4552562383
13.8093814409
-29.3514120107
13.8472824304
-29.2459082556
13.8846162579
-29.1387335995
13.9214390656
-29.0298696602
13.9577631446
-28.9193029428
13.9935833363
-28.8070288248
14.0289190913
-28.6930512977
14.0637863465
-28.5773900881
14.0981873265
-28.4600678265
14.1321291375
-28.3410830483
14.1656299094
-28.2203891119
14.1987084609
-28.0979402705
14.2313459855
-27.973746158
14.2634885399
-27.8479454433
14.2950479548
-27.7207575364
14.3259348657
-27.5922755609
14.3561499494
-27.4625627102
14.385785177
-27.3316905827
14.4149647898
-27.1997292771
14.4437672644
-27.0667412415
14.4722425797
-26.9327715575
14.5003841778
-26.7978833664
14.5281573517
-26.6622242179
14.5555135712
-26.5260037778
14.5823940745
-26.3893585527
14.608823491
-26.2522837205
14.6348997807
-26.1147553519
14.6607351634
-25.9768099992
14.6863648298
-25.8384933056
14.7118670759
-25.6998481176
14.7373330296
-25.5609079236
14.7627930322
-25.4216979814
14.788234649
-25.2822223727
14.8136493756
-25.1424665494
14.8390419209
-25.0024298563
14.8644186141
-24.8621597741
14.8897833944
-24.7217288476
14.9151666562
-24.5812650256
14.9405889353
-24.4409012402
14.9660735223
-24.3006190487
14.9917284322
-24.1603928784
15.0176521798
-24.020227042
15.0438715171
-23.8801397494
15.0703802076
-23.7401735546
15.0971764458
-23.6003835909
15.1242623336
-23.460855372
15.1516870504
-23.3217323335
15.1794671653
-23.1831590212
15.207542707
-23.0451896297
15.2359057962
-22.9078677756
15.2645536188
-22.771351367
15.2934426126
-22.6358180155
15.3224934572
-22.5013714798
15.3517224575
-22.3680769989
15.3811874853
-22.2359732038
15.4109342688
-22.1050816281
15.4410088581
-21.9753981633
15.4714624616
-21.8469296085
15.5023409396
-21.7197422207
15.5336869866
-21.5939565559
15.5655547345
-21.4696963664
15.5980106189
-21.347042382
15.6311332831
-21.225964651
15.6650376627
-21.1063968941
15.6998327712
-20.988421854
15.7355467619
-20.8721325046
15.772160066
-20.7575889134
15.8096278437
-20.6448319612
15.8479517129
-20.5338649487
15.8871913197
-20.4246507498
15.9274230834
-20.3171158511
15.9687250925
-20.2111282293
16.011232215
-20.1065422784
16.0551252887
-20.0033076547
16.1005106287
-19.9015207486
16.147421512
-19.8012905507
16.1958443943
-19.7026554982
16.2458044163
-19.605644644
16.2972657662
-19.5102840543
16.3501779142
-19.4165443733
16.4045428115
-19.3243765129
16.4604027056
-19.2337747826
16.5177913617
-19.1447570821
16.5767125265
-19.0572900715
16.637148775
-18.9712947329
16.6990659178
-18.8867021696
16.7624235254
-18.8035047423
16.8271816631
-18.7217645594
16.8932974053
-18.6415703778
16.9607305713
-18.5629854805
17.0294555056
-18.4860209939
17.0995194339
-18.4106524258
17.1710021508
-18.3368411369
17.243948842
-18.2645620672
17.3183612705
-18.1938164773
17.3942267247
-18.1246122032
17.4715269562
-18.0569453172
17.5502469538
-17.9907814481
17.6303788534
-17.9260402102
17.7119248048
-17.8625565825
17.7949149362
-17.8001915247
17.8793607499
-17.7388818612
17.9652322744
-17.678591036
18.0524882131
-17.6193084582
18.1410813597
-17.5611047742
18.2309657251
-17.5041016834
18.3221133085
-17.448394093
18.414552187
-17.3940158333
18.5083549155
-17.3409865427
18.6035724857
-17.2893112607
18.7002182982
-17.238967847
18.7982849757
-17.1898983393
18.8977490274
-17.1419973164
18.9985774634
-17.0951346322
19.1007212169
-17.0491988933
19.2041136049
-17.0041335309
19.3086644389
-16.959915431
19.4142681584
-16.9165313987
19.5208143387
-16.8739914156
19.628226065
-16.8323259451
19.7364529993
-16.7915592877
19.8454692401
-16.7517111604
19.9552422925
-16.7128069569
20.065705194
-16.6748403819
20.1767584572
-16.6377455259
20.2883392612
-16.6014289446
20.4004321225
-16.5658191494
20.5130367553
-16.5308747118
20.6261332796
-16.4966154414
20.7396537401
-16.4630744501
20.85349383
-16.4302410625
20.9675500887
-16.3980636523
21.0817194234
-16.3664879362
21.1959007179
-16.3354540239
21.3100368268
-16.304889277
21.4241200877
-16.2746715365
21.5381821695
-16.2446664817
21.6522734792
-16.2147816662
21.7664273983
-16.1849904069
21.8806342572
-16.1553024414
21.9948320906
-16.1257508425
22.1089289408
-16.0963687214
22.2228545226
-16.0671816912
22.3365805942
-16.0381878219
22.4500937023
-16.0093369756
22.5633752986
-15.9805645575
22.6763776658
-15.9518197675
22.7890350473
-15.9230760743
22.9012906102
-15.8943338742
23.0131177115
-15.8655938453
23.124512758
-15.836853799
23.2354818603
-15.8080938234
23.3460373043
-15.7792649388
23.4562236887
-15.7502541831
23.5661192262
-15.7209224417
23.6757855242
-15.6911555974
23.7852064662
-15.6608891235
23.8942900031
-15.6300918985
24.0029390523
-15.5987553922
24.1110753168
-15.566885097
24.2186297863
-15.5345230001
24.3255332834
-15.5016771086
24.4317318189
-15.4683102924
24.5372114495
-15.4343693846
24.6420071427
-15.3998210252
24.7461910666
-15.3646193949
24.8498468831
-15.3287522317
24.953026029
-15.2922350808
25.0557313674
-15.2550833053
25.1579414535
-15.2173272767
25.2596268395
-15.1789646828
25.3607931596
-15.1399608408
25.461481442
-15.1002790562
25.5617411212
-15.0599306096
25.6615868653
-15.0189558065
25.7610040056
-14.9773704462
25.8599637933
-14.9351643499
25.9584377136
-14.8923205114
26.056391969
-14.8488154217
26.1537987171
-14.8046244174
26.2506554775
-14.7597326948
26.3470092454
-14.7141457179
26.4429404923
-14.6678757926
26.5385017557
-14.620932396
26.6336884051
-14.5733568003
26.7284381172
-14.5252111513
26.8226542573
-14.4765624496
26.9162426936
-14.4274242727
27.0091498254
-14.3777599474
27.1013974088
-14.3274756803
27.1930685797
-14.2764669399
27.2842098038
-14.2246103006
27.374801566
-14.1717789995
27.4648201882
-14.117881206
27.5542423413
-14.0628582306
27.6430558211
-14.0067006888
27.731280887
-13.9494155743
27.8189454289
-13.8909872159
27.9060511255
-13.8313755396
27.9925765376
-13.7705445834
28.0784939002
-13.7084739377
28.1637567938
-13.6451557855
28.2482829496
-13.5805818381
28.3319823524
-13.5147447093
28.4147657139
-13.4476361134
28.4965739014
-13.3792340043
28.5774068465
-13.3094807158
28.6572851693
-13.238287569
28.7362421486
-13.1655576633
28.8143371843
-13.0911944403
28.8916351512
-13.0151712094
28.9681687246
-12.9375223119
29.0439405933
-12.8583005154
29.118909916
-12.7775082183
29.193009373
-12.69515073
29.266177521
-12.6112305852
29.3383925833
-12.5257405357
29.4096550716
-12.4386659893
29.4799586802
-12.3499765773
29.5492748677
-12.2596869731
29.6175263044
-12.1678548584
29.6845663088
-12.0745345624
29.7502460014
-11.9797429756
29.8144795243
-11.8834475587
29.8772420321
-11.785595608
29.9385288768
-11.6861472673
29.9983624319
-11.5850755689
30.0567992056
-11.4823758446
30.1138899855
-11.3780719355
30.1697119
-11.2721985455
30.2243307656
-11.1647859699
30.2777248929
-11.055846463
30.3298370291
-10.9454286479
30.3806293801
-10.8336533026
30.43007527
-10.7206429558
30.4781857078
-10.6064553776
30.5250130474
-10.4911201846
30.5706027669
-10.3746864686
30.614938929
-10.2572244124
30.6579295037
-10.1387830864
30.6994903666
-10.0194113455
30.7396189788
-9.89917938558
30.7783617996
-9.77817386955
30.8157789551
-9.65648673876
30.851945378
-9.53416976214
30.8869144293
-9.41125986973
30.9207157169
-9.28778894541
30.9533663526
-9.16376107196
30.9848735131
-9.03909677634
31.0152357058
-8.91383857741
31.0444704888
-8.78804248051
31.0726237923
-8.6617510396
31.0997454237
-8.53499233309
31.1258922694
-8.40778197405
31.1510691924
-8.28014678034
31.1752177956
-8.1521473866
31.1983054464
-8.02389695947
31.2203279643
-7.89549516142
31.2412631982
-7.76695284981
31.2611030577
-7.63822273802
31.2798693905
-7.50923812541
31.2975898602
-7.37993557654
31.3143035153
-7.25027178589
31.3300382237
-7.12023318892
31.3447677957
-6.98982743876
31.3584938303
-6.85908351595
31.3712134483
-6.72798742478
31.3829266497
-6.59641002549
31.3936200574
-6.46401185317
31.4031467241
-6.3307130836
31.4114992284
-6.19646214627
31.4187428709
-6.06124359158
31.4249687987
-5.92515652198
31.4302403193
-5.78843657165
31.434616086
-5.65120267719
31.4381256851
-5.51355265826
31.440740327
-5.3755747821
31.4424094799
-5.23731554741
31.4430385296
-5.09877592934
31.4425349351
-4.95992280611
31.4408824146
-4.82072812058
31.4380990679
-4.68114602156
31.4341880694
-4.54108187342
31.4291425738
-4.40047545241
31.4229426818
-4.25932088674
31.4155552474
-4.11764285931
31.4069535872
-3.97549899666
31.3971127711
-3.83298240033
31.3860678325
-3.69019773736
31.3739297136
-3.54722609353
31.3607079881
-3.40409773147
31.346334538
-3.26086181179
31.3307319669
-3.11768307193
31.3138373051
-2.97493138085
31.2957269183
-2.83269030058
31.2763956321
-2.69101559321
31.255798195
-2.55001349893
31.2338522907
-2.40987409054
31.210479077
-2.27067270176
31.1856040969
-2.13247629084
31.1591568471
-1.99535869016
31.1310980312
-1.85940684604
31.1014147673
-1.72472806165
31.0701457814
-1.59142870382
31.0373509963
-1.45960273219
31.0030581836
-1.32930921705
30.9672673552
-1.2006187803
30.9299856568
-1.0736723762
30.8912298962
-0.948612704494
30.851002456
-0.825555009972
30.8092866934
-0.704593928832
30.7660553894
-0.585795522626
30.7213107019
-0.4691909293
30.6750995008
-0.354793354617
30.6273890708
-0.242606138072
30.578113862
-0.132690641558
30.5272174478
-0.0252352787638
30.4746869347
0.0793792450612
30.4206788848
0.181068712449
30.3652865825
0.27978302086
30.3085744768
0.375487600323
30.2505691032
0.468223501243
30.1912889235
0.558159663406
30.1307460715
0.645364755347
30.068949978
0.729892623142
30.0059356123
0.811803356474
29.9417540789
0.891142631886
29.8764527367
0.967916769215
29.8100616081
1.04207443707
29.74260274
1.11353412901
29.6740950778
1.18222008275
29.604563503
1.24807340242
29.5340451257
1.31108320708
29.4625638253
1.37127545444
29.3901169914
1.42868578352
29.3166730864
1.48335559826
29.2421923862
1.53532428696
29.1666160269
1.58462202338
29.0898786218
1.63125644882
29.0120401501
1.67520090769
28.9332320361
1.71646663151
28.8535968174
1.75520799748
28.7732332651
1.79177816682
28.6920665095
1.82622752144
28.6100897499
1.85856490095
28.5273306214
1.88881958494
28.4438562477
1.91702720769
28.3597407134
1.94322864505
28.2750558593
1.96746658928
28.18986393
1.98977959951
28.1041826092
2.01021141167
28.0179826954
2.02881114034
27.9312138112
2.04562936256
27.8438302436
2.06070080504
27.7557946258
2.07401140441
27.6670716444
2.08555233638
27.5776189513
2.09534741082
27.4873790961
2.10341581687
27.3963154375
2.10979114372
27.3044394846
2.11450467967
27.2118163681
2.11758008881
27.1185332891
2.11904025385
27.0246611586
2.11890856861
26.9302135105
2.11721010462
26.8351398968
2.11397968089
26.7394076611
2.10926840575
26.6430163217
2.10312576791
26.5459620416
2.095611975
26.4482401456
2.08680633515
26.3498338175
2.07676293034
26.2507206784
2.06549293036
26.150883636
2.05299385123
26.0503066412
2.03928507399
25.9489780069
2.02440351409
25.8469006657
2.00838601085
25.744096197
1.99126512793
25.6406017807
1.9730739676
25.536445916
1.95381825528
25.4315916463
1.93352802207
25.3260000156
1.9123085538
25.2197032927
1.89025005844
25.1127619045
1.86741771555
25.0052568344
1.84387438718
24.8972752256
1.81965846117
24.7888998471
1.79479857872
24.6801974488
1.76932484249
24.5712166247
1.74326911563
24.4619882201
1.7166642285
24.3525504422
1.68952329415
24.2429641019
1.66183965918
24.1332503684
1.63359153619
24.0233954656
1.60478943572
23.9133995312
1.57547618119
23.803270752
1.54570122763
23.693026845
1.51553177895
23.5826830673
1.48505442715
23.4722339645
1.4543221581
23.3616537156
1.42333743088
23.2509109652
1.39209229667
23.1399813153
1.36060642556
23.0288710794
1.32891401654
22.9176162143
1.29706358669
22.8062845461
1.26518407758
22.6950123104
1.23346886027
22.5839361978
1.20207270385
22.4731253835
1.17111889382
22.3626296701
1.1407051701
22.2524792788
1.1108652846
22.1426827786
1.08160049428
22.0332194923
1.05291079916
21.9240401361
1.02479619923
21.8150805151
0.997256694498
21.7061623054
0.970338659611
21.5972750035
0.944153205376
21.4884224366
0.918780044761
21.379586839
0.894258919762
21.2707563129
0.87057931983
21.1619233137
0.847698528787
21.053086903
0.825593128189
20.9442478215
0.804286894811
20.8354105562
0.783826613134
20.7265964917
0.764269354474
20.6178445169
0.745676275284
20.5091876968
0.728102301628
20.4006320141
0.71158338044
20.2921478374
0.696151412784
20.1837134915
0.681880637738
20.0753863024
0.668830126473
19.9672478617
0.656990118886
19.8593266529
0.646370828451
19.7516285794
0.637007103125
19.6441409735
0.628932387468
19.5368468282
0.622202792341
19.4297282192
0.616883173924
19.3227616325
0.613039489551
19.2159373547
0.610742136098
19.109278184
0.610076984117
19.0029666107
0.611132899997
18.8970461052
0.613982933576
18.7915576126
0.618733262847
18.686564279
0.625481644887
18.5821126893
0.634302880601
18.4782149647
0.645264657095
18.3748435978
0.658405613685
18.271975305
0.673727599543
18.1696312933
0.691248616903
18.0678989521
0.711024567937
17.9668856835
0.733120853463
17.8667100405
0.757576000598
17.7674933663
0.784416976103
17.6693451609
0.813671762435
17.5722889158
0.845329833556
17.4762577373
0.879390122907
17.3812082781
0.91591130244
17.2871475427
0.95492788335
17.1940966399
0.996415010468
17.1020879567
1.04033396813
17.0111532735
1.08666692641
16.9213289582
1.13542776963
16.8326862579
1.18677622253
16.7452399765
1.24083909219
16.6592287536
1.29759405395
16.5748229308
1.35693378659
16.4921381778
1.41877506149
16.4112220718
1.48306575253
16.3320674804
1.54980633675
16.2546565307
1.61905844381
16.1790147517
1.69103913884
16.1052253546
1.76581479155
16.033369567
1.84338205225
15.963486142
1.92367920574
15.8955478894
2.00661342289
15.8295137757
2.09208666377
15.7653550041
2.18001795339
15.7030681545
2.27033269271
15.6426672681
2.36295975513
15.5841921212
2.45782775332
15.5276284175
2.55484069398
15.4728933901
2.65384774421
15.4199155152
2.75470928273
15.3686321216
2.85736250645
15.3189830809
2.96180958425
15.2709207391
3.06816861256
15.2243461317
3.17648477642
15.1792282997
3.28656500014
15.1356302355
3.39822322944
15.0933563684
3.51140248609
15.0522198162
3.62607860136
15.0120342246
3.74219132667
14.9726775634
3.8596871896
14.9341064126
3.97852378595
14.8963206378
4.09861853726
14.8593344919
4.21971420546
14.8231360747
4.34168245585
14.7876857744
4.46444884372
14.7528990238
4.58796537697
14.7186792121
4.71220514257
14.6849155572
4.83716476709
14.6514528346
4.96285579816
14.6180849568
5.08927888878
14.5846741236
5.2164031388
14.5511673285
5.34416044036
14.5175334036
5.4724428402
14.4837615609
5.60117802798
14.4498253406
5.73036814625
14.4156825313
5.86003919909
14.38128002
5.99018024822
14.3465554475
6.12062221202
14.3115006405
6.2510818112
14.2761125768
6.38138913411
14.2403001827
6.51148775125
14.2039536237
6.64133595134
14.1670106887
6.77090614088
14.1294898319
6.90017373836
14.0914442799
7.02907440049
14.0529059331
7.15748315864
14.013848634
7.28513468173
13.9741660351
7.41194485181
13.9336891745
7.53790195821
13.892247446
7.66300346031
13.8497372419
7.78723089375
13.8061091718
7.91055856094
13.7613376797
8.03294345071
13.7154365497
8.15432634575
13.6684568316
8.27464061261
13.6203977174
8.39382047471
13.5712506528
8.51182027153
13.5210480021
8.62865073856
13.4697905591
8.74432311657
13.4174491562
8.85883665117
13.3639136392
8.9720754162
13.3090556647
9.0837625122
13.252869276
9.19370859447
13.1953100275
9.30197693797
13.1362537861
9.40864740177
13.0756561363
9.51371206248
13.0135503096
9.61715180558
12.9499982512
9.71891626869
12.8850181192
9.81890833024
12.8185778837
9.91703107469
12.7506494156
10.0132319943
12.6812268644
10.107630378
12.6103269313
10.2002151174
12.5379359623
10.2909372476
12.4639812482
10.3797351576
12.3884915459
10.4665380083
12.3114899536
10.5512499311
12.2330344226
10.6337666937
12.1532262531
10.7139986804
12.0721503283
10.7918769781
11.9898296482
10.867346423
11.9062340125
10.9403521118
11.8213275548
11.0108169575
11.7351083893
11.0786317235
11.647615421
11.1436196258
11.5589858367
11.2056857196
11.46938443
11.264919411
11.3788576496
11.3213893205
11.2874959892
11.3750886828
11.1953671802
11.4259748103
11.102505948
11.4739864234
11.0089152411
11.5190379008
10.914565628
11.5610527923
10.8194334973
11.5999805859
10.7235030674
11.6357788651
10.6267388771
11.6683947143
10.5290547818
11.6977163358
10.4304052474
11.7235576982
10.3309391751
11.7457425691
10.2309017206
11.7642016605
10.1304105347
11.7789430434
10.0295538038
11.7900197062
9.92837257066
11.7974934173
9.82685424773
11.8013929574
9.72499304919
11.8016321755
9.62277024012
11.7981367674
9.52014961011
11.7909146274
9.4171180574
11.7799860494
9.31369816737
11.7653149285
9.21002618385
11.7469210858
9.1062907778
11.7248751998
9.00264787811
11.6992313442
8.89922440396
11.6700194976
8.7960960507
11.6372347866
8.6933266272
11.6008758652
8.59097928609
11.5609707702
8.48911216577
11.5175896113
8.38777630875
11.4708192122
8.28701015745
11.4206934058
8.18682079243
11.3671594515
8.08718602003
11.3102359242
7.98818171048
11.2499939095
7.88995928172
11.1865836859
7.79267157022
11.1201813325
7.69636912504
11.0509031439
7.60108900332
10.9788273901
7.50684803282
10.9040122432
7.41365728438
10.8265088976
7.32152868296
10.7463928549
7.230473247
10.663851912
7.14055501235
10.5790665959
7.05186419744
10.4921406975
6.96447243122
10.4031760808
6.87841223158
10.312345208
6.79358491688
10.2197734734
6.70982594974
10.1255200775
6.62700452253
10.0296105326
6.54503037737
9.93202887829
6.46388207187
9.83278537885
6.38357423177
9.73194417612
6.30412474589
9.62960404219
6.22553743688
9.52587662019
6.14780760767
9.42088651139
6.07094521631
9.31481695492
5.99501173286
9.20792035106
5.92017250479
9.10037622008
5.84655608831
8.99239040417
5.77412016727
8.88415601071
5.70272658524
8.77577289196
5.63231348502
8.66727467002
5.56282226379
8.55866619488
5.49420029414
8.4499530029
5.42640057069
8.34116737309
5.35938825958
8.23244543806
5.29319072527
8.12390387263
5.22786430176
8.01556903771
5.1634556691
7.90744594171
5.09999306162
7.79954287802
5.03746677811
7.69187604257
4.97581427117
7.58447043419
4.91495086073
7.47736686738
4.85480291098
7.37063725232
4.79532075925
7.26438993431
4.73645069239
7.15870797949
4.67813189037
7.0536066134
4.62030599158
6.94905729047
4.56292803408
6.84502144048
4.50596655082
6.74151350936
4.44941445211
6.63864665197
4.39330124235
6.53648959804
4.33758292339
6.43509566958
4.28221219445
6.33444660273
4.227205336
6.23448523523
4.17254830896
6.13518957471
4.11823603616
6.03656701488
4.06427612462
5.93863817202
4.01068126253
5.84142849512
3.95746420772
5.74495254146
3.90462768882
5.64912580624
3.85211718216
5.5538842353
3.79984847991
5.45925995093
3.74773863657
5.36531636578
3.69570825611
5.27212150908
3.64371444242
5.1797459574
3.59177737519
5.08826886726
3.53994693195
4.99778672409
3.48826437502
4.90842422329
3.436751706
4.82029720365
3.38543443635
4.73347880418
3.33435148875
4.64799503474
3.283540586
4.56383424887
3.23303835179
4.48095399269
3.18287780423
4.39925590196
3.13307241076
4.31857868124
3.08360778261
4.23886420365
3.03451923558
4.16007968768
2.98582188882
4.082201379
2.93748779648
4.00521506772
2.88947614999
3.92911415773
2.84174303385
3.85389812017
2.79425089765
3.7795710967
2.74697841051
3.70614280165
2.6999175919
3.63363241276
2.65306274839
3.56206819495
2.60641403438
3.49147877662
2.55997936779
3.42188394847
2.51378239992
3.35328665677
2.46787117778
3.28567381266
2.42233470006
3.21901577041
2.37727410812
3.1532633271
2.33275690358
3.08833892737
2.28879745023
3.02413173589
2.24537568093
2.96054222069
2.20244545125
2.89752680701
2.15994735764
2.83509756531
2.11783726602
2.77330213098
2.07608576931
2.71220364235
2.03467393955
2.65186042103
1.99358858546
2.59230023136
1.95279772713
2.53351107593
1.91222981561
2.4754698479
1.87183068437
2.41816307895
1.8315999281
2.36158936045
1.79156730305
2.30575185809
1.75176902952
2.25065319263
1.71223659312
2.19629031052
1.67298559077
2.14264705555
1.63401730033
2.089691011
1.59533292977
2.03737766039
1.55693557192
1.98565411686
1.51883597151
1.93446366195
1.48105750805
1.88375187251
1.44362574265
1.83346557892
1.40653552972
1.78355564886
1.3697669747
1.73398361776
1.33332344744
1.68472391736
1.29724070086
1.63576196147
1.26155212909
1.58709772782
1.22627600355
1.53876128475
1.19142519533
1.49080240119
1.15700274126
1.44327659736
1.12300048255
1.39623378982
1.08939758542
1.34970719398
1.0561595562
1.30371221064
1.02325452159
1.25826169331
0.990677316113
1.21336952249
0.958445546322
1.16905096811
0.926592077001
1.12532076172
0.895153990726
1.08219447571
0.864162956257
1.03968997902
0.833635697369
0.997472831584
0.803377797782
0.955541640379
0.773348282244
0.913897900072
0.743494212717
0.872561792409
0.713777291199
0.831597792531
0.684225502598
0.791121221539
0.654953571494
0.751273333282
0.626115249842
0.712187711535
0.597834219032
0.673955542127
0.570131769482
0.636645576944
0.542981921808
0.600315635403
0.516352273048
0.565010473466
0.490216129463
0.530755651594
0.464562669025
0.497539120464
0.439388833688
0.465321828835
0.41470328271
0.434058080468
0.390516201134
0.403707521703
0.36683772518
0.374246080069
0.343677943349
0.345671605713
0.321040441572
0.317991448117
0.29890440934
0.291220137703
0.27723116735
0.265378285483
0.255972635756
0.240491482711
0.235079802426
0.216589200529
0.21451119119
0.188020655373
0.191932559719
0.161636846864
0.170924122624
0.137874902458
0.152250544637
0.116616125666
0.135568034996
0.0971951381396
0.119347877833
0.0792129311561
0.102873281085
0.0624495092864
0.0860837858951
0.0468656041697
0.0691359528416
0.0326308590911
0.0520590960237
0.0199431156421
0.034847777143
0.00900021541455
0.0174965579012
0
0
