2
1000
-9.68908644716
0.605567902948
-9.68936185886
0.605567902948
-9.69002923087
0.605567902948
-9.69109909778
0.605567902948
-9.69258199417
0.605567902948
-9.69448845463
0.605567902948
-9.69682901374
0.605567902948
-9.6996142061
0.605567902948
-9.70285456629
0.605567902948
-9.70656062888
0.605567902948
-9.71074292848
0.605567902948
-9.71555064363
0.605791603503
-9.72165139307
0.607235933395
-9.72654796898
0.608511630344
-9.73194269799
0.610124126231
-9.73786575394
0.612096203528
-9.7443494277
0.614446886007
-9.75142720379
0.617193542597
-9.75913283688
0.620353991233
-9.76749942834
0.623948602714
-9.77655850282
0.628002404551
-9.78633908474
0.632547184819
-9.7968664262
0.637636340279
-9.80816289114
0.643352360722
-9.82025082019
0.649788143163
-9.83315540461
0.657028143074
-9.84690841717
0.665137245549
-9.86154983729
0.674173256404
-9.87712367302
0.684189930782
-9.89367355457
0.695239090944
-9.91123832808
0.707372744057
-9.92984764918
0.720645199974
-9.94951908277
0.735113635221
-9.97026185749
0.750835555409
-9.9920639922
0.76784105624
-10.0148550178
0.786068672177
-10.0385347603
0.805413352359
-10.0630075391
0.825781268834
-10.0885140562
0.847406526833
-10.1150913528
0.87032910524
-10.1427761922
0.894598792414
-10.1715877724
0.920272775149
-10.2015184315
0.947415442592
-10.2325497396
0.976099712494
-10.2646582006
1.00640086988
-10.297819201
1.03838978445
-10.3320109595
1.07212612799
-10.367218717
1.10763886866
-10.4034320134
1.14491729312
-10.4406406348
1.18393437868
-10.4788325798
1.22467100994
-10.5179911695
1.26713247542
-10.5580970051
1.31133986947
-10.5991435716
1.35732257731
-10.6411183216
1.40511838953
-10.6839742884
1.45476952773
-10.7276394089
1.50636198585
-10.7720471797
1.56000502562
-10.8171348958
1.61574089177
-10.8628578448
1.67355256215
-10.9091878729
1.73340375153
-10.9561005925
1.79524941198
-11.003561994
1.85904626547
-11.051506283
1.92476199192
-11.0998446741
1.99236577904
-11.1484837053
2.06182527151
-11.1973438385
2.13310667019
-11.2463719648
2.20617345459
-11.2955288818
2.28098349428
-11.3447958759
2.35749014198
-11.3941641386
2.43564492334
-11.4436155896
2.5153890784
-11.4931023799
2.59665273862
-11.5425615383
2.67938508147
-11.591926401
2.76356318509
-11.6411220387
2.84918477109
-11.6900630516
2.93623739636
-11.7386923942
3.02469303055
-11.7869670512
3.11451545909
-11.8348360185
3.20565314687
-11.8822490686
3.29803689241
-11.9291973065
3.39154014917
-11.975686068
3.48600493394
-12.0217285934
3.58133755354
-12.0673232517
3.67750312269
-12.1124603875
3.77448375362
-12.157139867
3.87226340144
-12.201346566
3.97082033543
-12.2450461181
4.07012152828
-12.2881812899
4.17013488985
-12.3306981126
4.27083304283
-12.3725691528
4.37219154268
-12.4137760539
4.47418612526
-12.4543282587
4.57680871519
-12.494266234
4.68007712018
-12.5336121366
4.78400787312
-12.5723422594
4.88860607448
-12.6104484169
4.99388795286
-12.6479352418
5.09985723865
-12.6848091004
5.20649248964
-12.7210809831
5.31374443442
-12.7567642828
5.42155629866
-12.7918209601
5.52987098019
-12.8261855457
5.63862339433
-12.8598370393
5.7477352298
-12.8928189784
5.85707887979
-12.9251676938
5.96650293691
-12.9569111453
6.07592640365
-12.9880562127
6.18533491173
-13.0185916167
6.2947424097
-13.048488291
6.40418176677
-13.0777004109
6.51369769919
-13.1062252528
6.62333908753
-13.1341236514
6.73316543104
-13.1614918312
6.84323542929
-13.1884041667
6.953594796
-13.214875001
7.06427011931
-13.2409030657
7.17527371876
-13.2664418739
7.2865875935
-13.2913936131
7.39815589244
-13.3156834589
7.509913399
-13.3393199726
7.62180789846
-13.36233562
7.73377398321
-13.3847635496
7.84573340788
-13.4066384349
7.95759965646
-13.4279970542
8.06930109981
-13.4488436439
8.18079458368
-13.4691686284
8.29206472173
-13.4889772629
8.40315038126
-13.5082915068
8.514183171
-13.5271114095
8.62535891063
-13.5454369711
8.73690781124
-13.5632686516
8.84899136704
-13.5806244143
8.96169193219
-13.5975271481
9.07504944927
-13.6139807922
9.18907822966
-13.6299783475
9.30377496738
-13.6454936414
9.41911981979
-13.6604905802
9.53506717658
-13.6749414947
9.6515567164
-13.688840903
9.76851965556
-13.7022181335
9.88588706961
-13.7150819275
10.0035839391
-13.7274110651
10.1215363916
-13.7391997509
10.2397094178
-13.7504809775
10.3581236188
-13.761267863
10.4768474793
-13.7715604073
10.595989877
-13.7813586105
10.7156586702
-13.7906624725
10.8359353472
-13.7994722566
10.9568772024
-13.8078267211
11.0785205511
-13.8157958165
11.2008864224
-13.8234309396
11.3239698159
-13.830736502
11.4477066967
-13.8377125037
11.5720366855
-13.8443589445
11.696900926
-13.8506758246
11.82224829
-13.856663144
11.9480338132
-13.8623348076
12.0742013844
-13.8677324713
12.2006786543
-13.8728890471
12.3273895044
-13.8777955789
12.4542658231
-13.8824064271
12.5812669701
-13.8866558899
12.708392805
-13.8904930734
12.8356778884
-13.8938657958
12.9631672174
-13.896758293
13.0909033061
-13.8992036309
13.2189267129
-13.9012257057
13.3472470197
-13.9027982103
13.4758302494
-13.9038863552
13.6046112382
-13.9044527804
13.733511192
-13.9044536801
13.862475848
-13.9038462808
13.9914934193
-13.9025968863
14.1205681018
-13.9006889227
14.2497026799
-13.8981218376
14.3788764888
-13.894895631
14.5080088776
-13.8910103029
14.6370155
-13.8864629822
14.7658014139
-13.881236157
14.8942711707
-13.8753003736
15.0223356482
-13.8686188507
15.1499251079
-13.8611520928
15.2770033673
-13.8528625039
15.4035672066
-13.8437301143
15.5296372677
-13.8337631012
15.6552442699
-13.8229783155
15.7804027212
-13.8114005137
15.9050973237
-13.799043547
16.0292880639
-13.7859242735
16.1529260176
-13.7720503311
16.275964806
-13.7574246704
16.3983543467
-13.7420492305
16.5200499551
-13.7259271192
16.6410045521
-13.7090619356
16.7611681994
-13.691458769
16.8805124611
-13.6731260664
16.9990428837
-13.6540655199
17.1167780877
-13.6342599315
17.2337478785
-13.6136717956
17.3499834262
-13.5922529285
17.4655133697
-13.5699636241
17.5803940434
-13.5467677509
17.694663292
-13.5226292765
17.808356622
-13.4975176432
17.9214969648
-13.471395018
18.0340936423
-13.4442154398
18.1461602517
-13.4159315558
18.2577211891
-13.3865013575
18.3688023808
-13.3558939295
18.4794220046
-13.3240893157
18.5895824753
-13.2910978692
18.6992672725
-13.2569485025
18.8084519295
-13.2216736423
18.9171252418
-13.1852993837
19.0253130602
-13.1478527476
19.1330786852
-13.109359726
19.2405068556
-13.069838605
19.3476763958
-13.0292888926
19.4546571877
-12.9877000594
19.5615103164
-12.9450688682
19.6682735912
-12.9014053505
19.7749486252
-12.8567372334
19.881524412
-12.8110979092
19.9879798376
-12.7645141699
20.0942892208
-12.7170088717
20.2004349215
-12.6685935257
20.3064155089
-12.6192723323
20.4122505152
-12.5690547108
20.5179768348
-12.5179642293
20.6236486562
-12.4660546012
20.7293165704
-12.4134080773
20.835003563
-12.3601141812
20.9407081541
-12.30625843
21.0464119147
-12.2519209797
21.1520884454
-12.1971744031
21.2577173113
-12.1420561926
21.3632933535
-12.086577421
21.4688174956
-12.0307392413
21.5742825514
-11.9745455708
21.6796552238
-11.9179971559
21.7848787565
-11.8610946416
21.8898852698
-11.8038437614
21.994606947
-11.7462653893
22.0989904556
-11.6883893993
22.2030206954
-11.6302407397
22.3067372787
-11.5718383322
22.4101934234
-11.5131977966
22.5134064545
-11.4543435539
22.616370633
-11.3953016301
22.7190896868
-11.336077928
22.8215857661
-11.2766498507
22.9238800576
-11.2169826212
23.0259811844
-11.1570575063
23.1278923708
-11.0969026689
23.229629058
-11.0365679496
23.3312397348
-10.9761014007
23.4327913908
-10.9155421321
23.5343380915
-10.8549146982
23.6359041357
-10.7942412306
23.7374968861
-10.7335417935
23.8391190131
-10.6728311499
23.9407806719
-10.6121027453
24.0425076195
-10.5512857091
24.1443411664
-10.4903048814
24.2463251655
-10.4291653488
24.3485004594
-10.3679252764
24.4509100957
-10.3066620141
24.5536073556
-10.245466377
24.6566487161
-10.1844292453
24.7600658057
-10.123603235
24.8638349643
-10.0629836116
24.9679093132
-10.0025263673
25.0722655105
-9.94217349556
25.1768955726
-9.88188462003
25.2817834387
-9.82166005291
25.3868982776
-9.76153783717
25.4922044432
-9.70158774512
25.5976599514
-9.64187889033
25.7032148206
-9.58244303581
25.8088116854
-9.52328366958
25.9143834926
-9.46438815179
26.0198641741
-9.40574720837
26.1252109659
-9.34736284457
26.2304215912
-9.28923622925
26.335520437
-9.23136098127
26.4405446252
-9.17372825218
26.54553387
-9.11634742742
26.6505193169
-9.05929258
26.7555227296
-9.00264741683
26.8605719018
-8.94642236881
26.9657111314
-8.89057614974
27.0709971821
-8.83505094385
27.1764781281
-8.77977712474
27.2821614494
-8.72468516941
27.3879829247
-8.66973451869
27.4938483658
-8.61492975219
27.5996914206
-8.56031313828
27.7054773161
-8.50596552725
27.811192635
-8.45198822709
27.9168464161
-8.39848782613
28.0224686197
-8.34558268475
28.1280949187
-8.29335685563
28.2337506725
-8.2418100574
28.3394364949
-8.19089704906
28.4451153679
-8.14057247419
28.550732782
-8.09082781188
28.6562576277
-8.04166942304
28.761714077
-7.99309882622
28.8671549873
-7.94511662058
28.9726285495
-7.89774057036
29.078147394
-7.85100424137
29.1836846501
-7.80499247517
29.2891835866
-7.75978321733
29.3945751418
-7.71537298245
29.4997963375
-7.67170911783
29.6047948019
-7.62872856658
29.7095200424
-7.5863730391
29.8139252022
-7.54460531132
29.9179883992
-7.50343990483
30.0217372534
-7.46293351322
30.12521438
-7.42316851489
30.2284349761
-7.38422331114
30.3313931948
-7.34613565677
30.4340808683
-7.30889374177
30.5364956319
-7.27245819379
30.6386533105
-7.23676733336
30.7405884437
-7.20176710248
30.8423560192
-7.16745181657
30.9440236401
-7.13382957895
31.0456577404
-7.1008914703
31.147309672
-7.06858560155
31.2489930087
-7.03684048942
31.3506589391
-7.0055869432
31.4522297059
-6.97476915223
31.5536397438
-6.94434288955
31.6548683885
-6.9142684022
31.7559370309
-6.88446341316
31.8568913288
-6.85485155824
31.9577756684
-6.8254305324
32.0586042202
-6.79624177383
32.1593484971
-6.76733187899
32.2599584656
-6.73874374501
32.3603818388
-6.7105070183
32.4605828875
-6.68262130204
32.5605531754
-6.65507853036
32.6602995547
-6.62784951949
32.759828536
-6.60087557693
32.8591340665
-6.57408919794
32.9581862563
-6.54744252265
33.0569302327
-6.52088800005
33.155288445
-6.49439086827
33.2531837419
-6.46796107902
33.3505582593
-6.4416399934
33.4473863716
-6.41547421364
33.5436746567
-6.38948967934
33.6394334615
-6.36371187963
33.7346486059
-6.3381734259
33.8292858723
-6.3129095181
33.9233042655
-6.28794272669
34.016677782
-6.26329762213
34.109387466
-6.23900952503
34.2014133238
-6.2151208821
34.2927336388
-6.19167585198
34.3833241489
-6.16872063124
34.473161784
-6.14631085638
34.5622337454
-6.124502071
34.6505330277
-6.1033281345
34.7380570545
-6.08278918254
34.8248059623
-6.06286157859
34.9107789958
-6.04349519803
34.9959786023
-6.02464340662
35.0804141825
-6.00628596966
35.1641024167
-5.98842287384
35.2470662679
-5.97105411916
35.3293188577
-5.95417970563
35.4108573527
-5.93779046297
35.4916628561
-5.92184338084
35.5717104566
-5.90628411253
35.6509820661
-5.89108228961
35.729468297
-5.87625198166
35.807179948
-5.86182580006
35.8841637722
-5.84783963162
35.9604880079
-5.83432879168
36.0362190175
-5.82132363038
36.1113889995
-5.8088365044
36.1860042666
-5.79686406257
36.2600612507
-5.78539526489
36.3335572781
-5.77441940163
36.4065013455
-5.76392747948
36.4789214919
-5.75390624459
36.5508569753
-5.74434746301
36.622350963
-5.73525761592
36.6934437007
-5.72665704567
36.7641668647
-5.71855081656
36.834545381
-5.71093892859
36.9046030727
-5.70382138177
36.9743649185
-5.6971981761
37.0438583966
-5.69106931157
37.113115204
-5.68543478819
37.1821777161
-5.68029460595
37.2510905137
-5.67564876486
37.3198855561
-5.67149726491
37.3885654315
-5.66783816109
37.4570987307
-5.66465693334
37.5254366459
-5.66192809252
37.593522091
-5.65961902725
37.6612989444
-5.65769385075
37.7287199176
-5.65611387353
37.7957438768
-5.65483773252
37.8623390701
-5.65381753992
37.9284831046
-5.65299988408
37.9941612778
-5.65232862051
38.0593652298
-5.65174766284
38.1240909101
-5.65120132044
38.1883361119
-5.65062993262
38.2521027027
-5.64997639404
38.3153953651
-5.64919367745
38.378219895
-5.64825235652
38.4405811112
-5.64714625522
38.5024801086
-5.64587537354
38.5639102514
-5.64443971147
38.6248572646
-5.64283926902
38.6853000831
-5.64107404619
38.7452104482
-5.63914404298
38.8045576625
-5.63704925938
38.8633137239
-5.6347896954
38.9214597137
-5.63236535105
38.9789941047
-5.62977622631
39.0359287952
-5.62702232119
39.0922815936
-5.62410363568
39.1480713753
-5.6210201698
39.2033146849
-5.61777192353
39.2580243098
-5.614362271
39.3122152169
-5.61080074869
39.3659033599
-5.60710176927
39.419103461
-5.60328333409
39.4718269776
-5.59936574572
39.5240800678
-5.59537032043
39.575862243
-5.59131810073
39.6271668168
-5.58722856788
39.6779813801
-5.58311835441
39.7282882726
-5.5789999566
39.7780646651
-5.57488044706
39.8272822474
-5.57076093751
39.8759075646
-5.56664142797
39.9239032603
-5.56252163283
39.9712328558
-5.5584006335
40.0178673936
-5.55427689698
40.0637883787
-5.55014829576
40.108984921
-5.54601212762
40.1534502222
-5.54186513545
40.1971785757
-5.53770352711
40.2401623666
-5.53352299526
40.2823923732
-5.52931873715
40.3238604492
-5.52508547451
40.3645595359
-5.52081747334
40.4044822273
-5.51651193786
40.4436183839
-5.51217181865
40.4819555675
-5.50780454619
40.5194805075
-5.50342076331
40.556179721
-5.49903305746
40.5920399484
-5.49465469307
40.6270485891
-5.49029834395
40.661194137
-5.48597482555
40.6944666163
-5.48169182738
40.7268580169
-5.47745264531
40.7583627301
-5.47325491395
40.7889783734
-5.46909008931
40.818707139
-5.46494831775
40.8475575189
-5.46081956759
40.8755453289
-5.45669393445
40.9026903093
-5.45256200859
40.9290110153
-5.44841487607
40.9545246648
-5.44424411872
40.9792476207
-5.44004181417
41.0031955307
-5.43580053584
41.0263829539
-5.43151335294
41.0488229871
-5.42717383047
41.0705268916
-5.42277602923
41.0915037195
-5.41831450581
41.1117584967
-5.41378431257
41.1312898128
-5.40917762359
41.1500908133
-5.40448094631
41.1681506154
-5.39967640783
41.1854555145
-5.39474304234
41.2019901905
-5.3896580786
41.2177389146
-5.38439822641
41.2326867543
-5.37894075403
41.2468204856
-5.37326460123
41.2601295822
-5.36735164176
41.2726074232
-5.3611879459
41.2842525015
-5.35476504293
41.2950696322
-5.34808043334
41.3050710317
-5.34113271469
41.3142765001
-5.33392073056
41.3227100666
-5.32644389291
41.330395121
-5.31870213854
41.3373544968
-5.31069588425
41.3436105711
-5.30242598201
41.3491853642
-5.29389367418
41.354100639
-5.28510054871
41.3583780013
-5.27604849432
41.3620389987
-5.26673965568
41.3651052211
-5.25717638863
41.3675983997
-5.24736121536
41.369541951
-5.23729677959
41.3709631124
-5.22698580179
41.3718920353
-5.21643103437
41.3723608165
-5.20563521683
41.3724025303
-5.19460103102
41.3720502597
-5.18333105628
41.3713361286
-5.17182772573
41.3702903347
-5.16009295794
41.3689394597
-5.1481244195
41.3672976945
-5.13591647756
41.3653658591
-5.12346232754
41.3631325469
-5.11075612082
41.3605752697
-5.09779509246
41.3576616022
-5.0845816889
41.3543503265
-5.07112541006
41.3505968069
-5.05744430906
41.3463599021
-5.0435592244
41.3415991483
-5.0294907319
41.3362731197
-5.01525914986
41.330339564
-5.00088454419
41.3237555383
-4.98638673356
41.3164775435
-4.97178529452
41.3084616609
-4.95709761213
41.2996633531
-4.94232589789
41.2900354845
-4.92745794285
41.2795288489
-4.91247094385
41.268093237
-4.89733532972
41.255678503
-4.88201858745
41.2422356312
-4.86648908845
41.2277178029
-4.85071991472
41.2120814633
-4.83469268615
41.1952873895
-4.81839906166
41.1773019261
-4.80183523652
41.1580977593
-4.78500445302
41.1376606029
-4.76791514089
41.1159878578
-4.7505778824
41.093085145
-4.73300237754
41.0689628405
-4.71519440924
41.0436326081
-4.69715280845
41.0171039339
-4.67886665443
40.989381493
-4.66031414132
40.9604659038
-4.64146855101
40.9303549048
-4.62230135766
40.8990426444
-4.60278227891
40.8665171972
-4.58287932706
40.8327580787
-4.56255561217
40.7977133137
-4.54176956307
40.7613004614
-4.52048193257
40.7234395775
-4.49867380568
40.684087876
-4.47634138817
40.6432379651
-4.45348965495
40.6008961826
-4.43013359023
40.5570769813
-4.40629942758
40.511797314
-4.38202589003
40.4650710186
-4.35736162162
40.4169049172
-4.33234856829
40.3673021098
-4.3070194689
40.316262173
-4.28140778878
40.2637891899
-4.2555481338
40.2098928654
-4.22947502026
40.1545875484
-4.20322164479
40.0978926536
-4.17681865418
40.0398317361
-4.1502929153
39.9804303829
-4.12366628496
39.9197141045
-4.09695442532
39.8577055633
-4.07016011738
39.7944249633
-4.04326241259
39.7298940906
-4.01622919925
39.6641358531
-3.98903024841
39.5971737566
-3.96164548669
39.529025857
-3.93405895857
39.4597160356
-3.90626176692
39.3892945439
-3.8782626386
39.3178312646
-3.85008312133
39.2454012064
-3.82175198069
39.1720673146
-3.79330625785
39.0978907949
-3.7647862388
39.0229289059
-3.73623042371
38.9472327507
-3.70767049619
38.8708450696
-3.67912700773
38.7937960374
-3.65060998865
38.7160973656
-3.62212482265
38.6377499859
-3.59366976114
38.5587468028
-3.56523506984
38.4790826554
-3.53679325228
38.3987567487
-3.50830496375
38.3177685721
-3.47972736571
38.2361152533
-3.45102248018
38.153790095
-3.42216520223
38.0707800279
-3.39313908621
37.9870427412
-3.36394042625
37.9025155276
-3.33459428276
37.8171471962
-3.30514723328
37.7309351405
-3.27565093481
37.6439283915
-3.24615279814
37.556236301
-3.21670738374
37.4680346266
-3.18737057166
37.3795067861
-3.15818130645
37.2907808755
-3.12916822493
37.201908453
-3.10036410271
37.1128994905
-3.07179502475
37.0237381019
-3.04347232371
36.9343965654
-3.01538753313
36.8448486438
-2.98751114927
36.7550811905
-2.95980374769
36.6650991884
-2.93220967865
36.5749278966
-2.90466036288
36.4845994022
-2.87708503495
36.3941372335
-2.84942392579
36.3035406677
-2.8216352414
36.2127662673
-2.79368847866
36.1217475196
-2.76555969545
36.0304257377
-2.73722517571
35.9387779432
-2.70864708012
35.8468128561
-2.6798005627
35.7545873403
-2.65070253894
35.6621885727
-2.62140568827
35.5696975292
-2.59196341177
35.4771592301
-2.56241531653
35.3845919838
-2.53279749169
35.291997683
-2.50313917986
35.1993449311
-2.47345795382
35.1065832384
-2.44374615978
35.0136656094
-2.41397624068
34.920563274
-2.38410195528
34.8272518114
-2.35407477642
34.7337048278
-2.3238476533
34.6398704805
-2.29336973257
34.5456674024
-2.26259364737
34.4510284893
-2.23148529735
34.3559451806
-2.20004487856
34.2604462406
-2.16829455254
34.1645719779
-2.13626520398
34.0683643081
-2.10399406436
33.9718675618
-2.07152294755
33.875146811
-2.03888988485
33.7782735229
-2.00610545532
33.6813067367
-1.97315943656
33.5842812357
-1.94005268204
33.4872453463
-1.90679435852
33.3902644178
-1.87335484944
33.2933925358
-1.83965709923
33.1966418665
-1.80561649532
33.0999812876
-1.77116984154
33.0033504398
-1.7362706203
32.9066543865
-1.70089434841
32.8097911383
-1.66502911048
32.7126781073
-1.6286786642
32.6152702606
-1.5918484865
32.5175527902
-1.55454748008
32.4195378437
-1.51678025638
32.3212627697
-1.47851975116
32.2228034837
-1.43972824243
32.1242700421
-1.40037361185
32.025755896
-1.36044914767
31.9272948346
-1.31998030084
31.8288864284
-1.27901157113
31.7305331832
-1.23758290729
31.6322611677
-1.19572298929
31.5341400781
-1.1534561733
31.4362665481
-1.11080961476
31.3387369773
-1.0678329066
31.2416165041
-1.02459702677
31.1449368803
-0.981157889557
31.0486764032
-0.93752745969
30.9527729821
-0.893685737572
30.8571653939
-0.84961038834
30.7618265713
-0.805279844315
30.6667614873
-0.760665930715
30.5719866188
-0.715731407388
30.4775228841
-0.670425665913
30.3833882629
-0.624710221354
30.2895921945
-0.57855852924
30.1961398141
-0.531934400753
30.1030353974
-0.484788350439
30.0102872768
-0.437082674022
29.9179294966
-0.388850368791
29.8260249643
-0.340174897846
29.7346209924
-0.29114652139
29.6437118633
-0.241816978269
29.5532562218
-0.19218784754
29.4631978141
-0.142225149744
29.3734695085
-0.0918710462074
29.2839970574
-0.0410318431178
29.1946872271
0.0103940889096
29.10544604
0.0624720303107
29.0162003548
0.11521684159
28.9269126997
0.168608533291
28.8375654657
0.222618885678
28.7481516559
0.277195471029
28.6586718571
0.332258489051
28.5691296461
0.387735513716
28.4795288826
0.443579432068
28.389869347
0.499772756422
28.3001466198
0.556329910516
28.2103568749
0.613276176076
28.1205036205
0.670640025798
28.0306033413
0.728443394231
27.9406742068
0.786683765197
27.8507259711
0.84533607963
27.7607542498
0.904347429254
27.6707209847
0.963681187396
27.5805536703
1.02332724677
27.4901928443
1.08329124244
27.3996304895
1.14359695561
27.3088921224
1.20427146563
27.2180082323
1.26532211022
27.1270028468
1.32672295271
27.0358904929
1.38840872995
26.9446738957
1.45030547015
26.8533405873
1.51237308092
26.7618663473
1.5746189973
26.6702224679
1.63709799783
26.5783721925
1.69987571056
26.4862696898
1.76302036023
26.3938694456
1.82658404973
26.3011369962
1.89058216427
26.2080581404
1.95500475385
26.1146304563
2.01982427618
26.0208584681
2.08499797589
25.9267485702
2.15049016554
25.8323054482
2.21625844177
25.7375218639
2.28220822384
25.6423747261
2.34821515403
25.5468247653
2.41416730223
25.4508251032
2.48001267297
25.3543315754
2.54574217487
25.2573137119
2.61146586959
25.1597497534
2.6773296625
25.0616228975
2.74333806359
24.9629217141
2.80942500677
24.8636369691
2.87550613356
24.7637581355
2.94146573421
24.6632707671
3.00719974532
24.5621638927
3.07264313631
24.4604341722
3.13776070862
24.3580835883
3.2025229115
24.2551150884
3.26687392299
24.1515318371
3.33074666519
24.04734318
3.39406753132
23.9425628355
3.4567624708
23.837201673
3.51876537966
23.7312589166
3.5800083351
23.624727207
3.64041954182
23.5175877264
3.69996010307
23.4097965879
3.75862996834
23.3012877968
3.81644667711
23.1920084869
3.87344712276
23.0819486927
3.929693923
22.9711308359
3.98523814522
22.8595930268
4.04009236187
22.7473714017
4.09423313137
22.6344816379
4.14754271216
22.5209305553
4.1998721197
22.4067198658
4.25118762131
22.2918427892
4.30149372957
22.176285286
4.35082095938
22.0600188592
4.39924645516
21.9430066689
4.44684575407
21.8252130193
4.49368761176
21.7066179155
4.53982166013
21.5872085103
4.58526093131
21.466975217
4.62997782255
21.3458993327
4.67391707317
21.2238283855
4.71704005686
21.1005627513
4.75934224233
20.9760958815
4.80083867998
20.8504506475
4.84155146326
20.7236341893
4.88149580687
20.5956613238
4.92063255103
20.4665697712
4.95888340717
20.3364177664
4.99620859414
20.2052611835
5.03263063581
20.0731381875
5.06818061433
19.9400805134
5.10289496605
19.8061187381
5.13681907604
19.6712850994
5.16989447271
19.5356174463
5.20198727835
19.3991447583
5.23305847017
19.2618803939
5.26311962838
19.1238334438
5.2922027951
18.9850220997
5.32034076764
18.8454916526
5.34753555326
18.7052886037
5.37375332502
18.5644272342
5.39892973157
18.4228540365
5.42301897151
18.2804935724
5.44603222234
18.13731708
5.46803602248
17.9933643267
5.48912100389
17.8488331362
5.50936649571
17.7039691417
5.52883062091
17.5588162445
5.54756260363
17.4133818427
5.56560904266
17.2676968639
5.58298845536
17.121811125
5.59966315068
16.9757953057
5.61555297503
16.8297085988
5.63061930104
16.68353951
5.64486172515
16.5371377857
5.65826594323
16.3903469422
5.67075988979
16.2430347367
5.68227308274
16.0951044605
5.69287134649
15.9465051397
5.70265894495
15.7972230629
5.71163603837
15.6472793171
5.71978922989
15.4967146167
5.72711842389
15.345573913
5.73359127418
15.1938833021
5.73916210459
15.0416617192
5.74378342186
14.8889361772
5.74740055491
14.7357856445
5.74993607935
14.5823212731
5.75131702127
14.4286387452
5.7514767288
14.2748978094
5.75034908188
14.1212627395
5.74790321176
13.9677178746
5.74413909858
13.8142698412
5.73905674235
13.6609695399
5.73265614307
13.5078644819
5.72497040035
13.3549579751
5.71610195823
13.2021366619
5.70618240016
13.0492085014
5.69521496214
12.8961789457
5.68312330574
12.743209292
5.66987121676
12.5904625678
5.65549448242
12.4380814058
5.64003428225
12.2861776874
5.62350806531
12.1348195021
5.60593636158
11.9840366363
5.58731899631
11.8337918744
5.56761242816
11.683985361
5.54676253894
11.5345228701
5.52475817948
11.3853823527
5.50163246544
11.2365972512
5.47745186082
11.0882744864
5.45228563008
10.9405365237
5.4261829631
10.7934538509
5.39914201531
10.6470372029
5.37114772383
10.501175613
5.34219059103
10.3557315772
5.31224485948
10.2107416567
5.28127144441
10.0662145212
5.24923734402
9.92210543634
5.21611380328
9.77836359301
5.18190880104
9.63496029726
5.14667654961
9.49197289671
5.11044482504
9.34961580098
5.0732457619
9.20808471435
5.03514925113
9.0675356534
4.99625711012
8.92808799929
4.95665212268
8.78981835541
4.91635125513
8.65274919759
4.87535758618
8.5168707149
4.83366762672
8.38216549416
4.7912666174
8.2486644945
4.74813735864
8.11646421968
4.70429435321
7.98567252472
4.65979064343
7.8563483783
4.61470020778
7.72851005342
4.56911326178
7.60210973877
4.52312732426
7.47707581744
4.47685352708
7.35337844241
4.43043343961
7.23105220328
4.38401489665
7.11015589429
4.33767460239
6.99070105135
4.29139239389
6.87262354128
4.24511088325
6.75583378847
4.19877429837
6.64025901386
4.15235384127
6.52587210678
4.10579819581
6.41275837036
4.0590191781
6.30109137662
4.01201304068
6.19086831658
3.96484532515
6.08194180711
3.91754113774
5.974165444
3.87005533759
5.86740784248
3.82234420701
5.76156230598
3.77442583318
5.65657385493
3.72633679681
5.55243584276
3.67813474542
5.44920826719
3.62990657662
5.34699981602
3.58174631388
5.24588338063
3.53370263446
5.14584823256
3.48576881774
5.0468461707
3.43791179434
4.94880614501
3.3900888784
4.85164783661
3.34226911508
4.75528839583
3.29443829588
4.65963674771
3.24657297172
4.56458284284
3.19863703114
4.4700256186
3.15063342337
4.37593342017
3.1026208268
4.28237202534
3.0546692527
4.1894533439
3.00683683637
4.0972863289
2.95915054654
4.00592964143
2.91162165694
3.91531792543
2.86424907793
3.82526979734
2.81697477552
3.73572303972
2.76971956457
3.64663993909
2.72243531751
3.55798809763
2.67509754701
3.46974967032
2.62769753527
3.38191372134
2.58023588116
3.29446583983
2.5327243091
3.20737964716
2.48518919359
3.12058273032
2.43766019366
3.0339603177
2.39016582316
2.94742918255
2.34272620911
2.86098100397
2.29533430783
2.77464320395
2.24794989053
2.68847393923
2.20052132603
2.60255478338
2.15298205102
2.51697553827
2.10524919883
2.43182968464
2.05723911535
2.3472004704
2.00891420141
2.2631651934
1.96031442852
2.17980219623
1.91152686571
2.09717395429
1.86263980465
2.01531765393
1.81371422094
1.93424577912
1.76479682599
1.85396514642
1.71593061302
1.77448951307
1.66715898583
1.69584482946
1.61852816803
1.61806246872
1.57008222001
1.54117453609
1.52185783055
1.46521223694
1.47388068264
1.39020598578
1.42616598001
1.3161884588
1.37872253516
1.24319638137
1.3315482013
1.17126837835
1.284620861
1.10044349651
1.23791178614
1.0307614851
1.19140012699
0.962263126679
1.1450874078
0.894990778901
1.09901016014
0.828999164937
1.05323599245
0.764357126965
1.00783729732
0.701136524304
0.962890293355
0.639398916505
0.918475529739
0.579182126859
0.874679066859
0.520499009693
0.831561085763
0.463340242115
0.789134794563
0.407677234567
0.747390718003
0.353478288177
0.706326439279
0.300724905431
0.665968569876
0.24942464179
0.62635887543
0.199602553476
0.587547607568
0.151294070475
0.549587492218
0.104542427209
0.51252776939
0.0593961417705
0.476411416683
0.01590903632
0.44127193981
-0.0258615425061
0.407132749592
-0.0658553008979
0.374010100359
-0.104010840137
0.34191361512
-0.140271107813
0.310855999216
-0.174577946535
0.280865417445
-0.206862092465
0.251981039171
-0.237055088232
0.224248356739
-0.265101473315
0.19771377161
-0.290965453033
0.171877038964
-0.31548447983
0.146806893331
-0.338759969013
0.122577933865
-0.360901735115
0.0992422660414
-0.38199735802
0.0768334002684
-0.40207663408
0.0553893032114
-0.421103776726
0.0349508791843
-0.438993658682
0.015560590886
-0.455622100219
-0.00274012438539
-0.470838580398
-0.019915142283
-0.48448237974
-0.03594040131
-0.496403678863
-0.0508200402728
-0.506489037659
-0.0645967150096
-0.514679896907
-0.0773182709024
-0.520932636421
-0.0890248634736
-0.525204777936
-0.0997435920154
-0.52745246659
-0.109481823191
-0.527626620974
-0.118222156091
-0.525669466125
-0.125915681102
-0.521504447866
-0.132460534487
-0.51501004624
-0.137655885741
-0.505968538894
-0.141043706236
-0.493900782962
-0.141904712562
-0.478052433232
-0.140075803744
-0.458207776052
-0.146292777609
-0.454199445039
-0.14978937671
-0.446051964631
-0.150692522089
-0.43267604911
-0.149037586877
-0.413269954507
-0.145074696455
-0.387693994915
-0.139219415675
-0.356441969147
-0.131617566232
-0.320027023942
-0.12156698697
-0.278006253984
-0.107572315381
-0.229082357332
-0.0866073419159
-0.17039356725
-0.0520153780963
-0.0953510486095
0
0
