2
1000
27.4725274725
42.5824175824
27.4886912393
42.6170973914
27.5048440628
42.6510391607
27.5206947823
42.6837837089
27.5359522367
42.7148718548
27.5503252651
42.7438444172
27.5635227151
42.7702422271
27.5753220667
42.7937074128
27.585748547
42.814253313
27.5949559121
42.8320974269
27.6031155122
42.8474980911
27.6103832715
42.860702913
27.6168922759
42.8719349613
27.6259315313
42.8890126927
27.634536716
42.9049913645
27.6426905525
42.9198494536
27.6503815395
42.9335747222
27.6576040115
42.9461643237
27.6643581981
42.9576249077
27.6706502832
42.967972726
27.6764924649
42.9772337381
27.6819030145
42.9854437169
27.6869063361
42.9926483541
27.691533026
42.9989033658
27.6958199321
43.0042745983
27.6998098981
43.0088381147
27.7035388364
43.0126707527
27.7070242633
43.015835455
27.7102683508
43.0183834572
27.7132612573
43.0203569908
27.7159838746
43.0217912082
27.7184101804
43.022715583
27.720509318
43.0231549452
27.7222474832
43.0231302603
27.7235896709
43.0226592222
27.7245013208
43.02175671
27.7249498865
43.0204351438
27.724906345
43.0187047602
27.7242069443
43.0162121476
27.7228384569
43.0129675655
27.7207910883
43.0089692639
27.7180571654
43.004203153
27.7146304827
42.9986453374
27.7105056474
42.9922646496
27.7056774255
42.985025184
27.7001400867
42.9768888303
27.6938867507
42.9678178077
27.6869087323
42.9577771985
27.6791948874
42.9467374817
27.6707309581
42.9346770669
27.6614966634
42.9215827393
27.6514676487
42.9074456807
27.6406198908
42.8922602951
27.6289313497
42.8760230897
27.6163836194
42.8587315562
27.6029635797
42.8403830521
27.5886650474
42.8209736823
27.5734904277
42.8004971798
27.5574523652
42.7789437877
27.5405753962
42.7562991398
27.5228975318
42.7325431056
27.5044606892
42.7076440515
27.4853021146
42.6815589332
27.4654538061
42.6542395483
27.4449421229
42.6256396624
27.4237900982
42.5957297328
27.4020186903
42.5645023258
27.3796371408
42.5319697802
27.3566355854
42.4981572209
27.3329891942
42.463098194
27.3086623121
42.426830303
27.2836125998
42.3893908441
27.2577951739
42.3508124421
27.2311667478
42.3111186858
27.2036900832
42.2703197766
27.1753473979
42.228410584
27.1461456893
42.1853774332
27.1161089092
42.1412013639
27.0852724978
42.0958576143
27.053677917
42.0493151042
27.0213671847
42.0015359189
26.9883774077
41.9524747933
26.9547353161
41.9020785946
26.9204517965
41.8502858068
26.8855025364
41.7969808579
26.8498348371
41.7420207713
26.8134159728
41.6853591102
26.776223545
41.6269956804
26.7382368819
41.5669517564
26.6994376162
41.5052719752
26.6598092019
41.4420169223
26.6193357752
41.3772528546
26.5780112514
41.3110463127
26.5358461704
41.2434633842
26.4928630111
41.1745663439
26.4490915065
41.1044102947
26.4045639557
41.0330398118
26.3593078234
40.9604906773
26.313343278
40.8867925089
26.2666875442
40.8119695892
26.2193544
40.7360461141
26.171355929
40.6590445471
26.1227097854
40.5809844527
26.0734423222
40.5018840292
26.0235833888
40.4217602995
25.9731621193
40.3406346825
25.9222031828
40.2585390809
25.8707230328
40.1755219691
25.8187261579
40.0916544813
25.7662163142
40.0070785029
25.7131964674
39.9219839811
25.6596381467
39.8364895485
25.6055005209
39.7506864393
25.550741138
39.664651757
25.4953174875
39.5784350755
25.4391896224
39.4920543475
25.3823335541
39.4054996488
25.3247495332
39.3187433058
25.2664580766
39.2317473657
25.2074964798
39.1444706647
25.147915329
39.0568758945
25.0877750173
38.9689366666
25.0271449721
38.8806394849
24.966097944
38.7919848258
24.9046971749
38.7029899995
24.8429867422
38.6136831954
24.7809920257
38.5241009517
24.7187176787
38.4342896519
24.6561448761
38.3443124567
24.5932406358
38.2542518106
24.529967729
38.1642038368
24.466294128
38.0742722137
24.4022024552
37.984562053
24.3377133202
37.8952189327
24.2728814634
37.8063987965
24.2077466944
37.718143636
24.1423317329
37.6303863928
24.0766531289
37.5429786445
24.0107518692
37.4558033274
23.9446838483
37.3687725335
23.8785078179
37.2818149936
23.8122701961
37.1948779637
23.7459949892
37.1079227301
23.6796859678
37.0209227699
23.6133283578
36.9338623152
23.5468864601
36.8467383008
23.4803128932
36.7595570423
23.4135615864
36.6723264579
23.3465962154
36.5850521768
23.2793986332
36.4977336522
23.2119725636
36.4103643876
23.1443348338
36.3229374891
23.076503469
36.2354462184
23.0084999906
36.1478764546
22.9403469816
36.0601995407
22.87206361
35.9723673471
22.8036609354
35.8843068848
22.7351337557
35.7959056776
22.66644692
35.7069688411
22.5975477396
35.6172581618
22.528407997
35.5266220368
22.459019252
35.4350001698
22.3893823575
35.3424106066
22.3194772904
35.2488517338
22.2492731177
35.154319203
22.1787406045
35.058833087
22.10785891
34.9624411887
22.0366087574
34.8652001966
21.9649732664
34.76716873
21.8929415965
34.6684045795
21.8205166618
34.5689585644
21.7477112232
34.4688736593
21.6745402284
34.3681885777
21.601017712
34.2669374686
21.5271536941
34.1651496123
21.4529511069
34.0628490941
21.3784125601
33.9600483648
21.303555253
33.8567383843
21.2284132613
33.7528803401
21.1530376691
33.6484124934
21.0774942611
33.5432661289
21.0018614336
33.4373819532
20.9262315646
33.330735737
20.8507040279
33.2233470924
20.7753782114
33.1152785374
20.700357639
33.0066795833
20.6257355148
32.8977816015
20.5515388518
32.7887774631
20.477743545
32.6798203379
20.4042965693
32.5710341241
20.3311310814
32.462504583
20.2581804609
32.3542749445
20.1854058759
32.2463636653
20.1128042947
32.1387714357
20.0403919083
32.0314841712
19.9682049795
31.9244747777
19.8962938098
31.8177083398
19.8247167067
31.711147308
19.7535339507
31.604756687
19.6827964453
31.4985085971
19.6125333824
31.3923797912
19.5427589491
31.286352818
19.4734738851
31.1804267328
19.4046676898
31.074629805
19.3363239763
30.96902248
19.2684156947
30.8636921347
19.200893406
30.7587566427
19.1336964454
30.6543540971
19.0667615051
30.5506258976
19.0000312173
30.447699837
18.9334524272
30.3456300155
18.8669930428
30.244385976
18.8007003011
30.1439570659
18.7346880891
30.04433764
18.6691138724
29.9455005948
18.6041302741
29.8473929589
18.5398700665
29.7499545801
18.4764315575
29.6531254997
18.4138730573
29.5568479928
18.3522291227
29.4610684287
18.2915075071
29.3657402715
18.2316815032
29.2708227526
18.1726955415
29.1762794742
18.1144739867
29.0820771009
18.0569352503
28.9881846756
18.0000068889
28.8945799827
17.9436215124
28.8012525422
17.8877125092
28.7082093702
17.8322113388
28.6154737251
17.7770477254
28.523075267
17.7221562173
28.4310389527
17.6674877951
28.3393658891
17.6130052508
28.2480294546
17.5586811522
28.1569780586
17.5044958065
28.0661379004
17.4504399676
27.9754176509
17.3965333432
27.8847250533
17.3428122946
27.7939792913
17.2893129327
27.7031220412
17.2360561532
27.6121265977
17.1830633681
27.5210034049
17.13033954
27.4297843723
17.0778677169
27.3385173706
17.0256322297
27.2472613544
16.9736155534
27.1560828901
16.9217952278
27.0650529099
16.870152267
26.9742443726
16.818666897
26.8837304254
16.767318415
26.7935837807
16.7160944277
26.7038754028
16.6649881631
26.6146716897
16.6139950584
26.5260315453
16.5631124413
26.437995686
16.5123376428
26.3505829613
16.4616764601
26.2637953299
16.4111686907
26.1776241498
16.3608832984
26.0920558703
16.3109058441
26.007076295
16.2613259121
25.9226748458
16.2122228871
25.8388465475
16.1636452646
25.75559046
16.1155792091
25.6729038923
16.0679481715
25.5907812147
16.020620379
25.509214027
15.9734517767
25.4281933463
15.9263114341
25.3477118046
15.8790976938
25.2677637884
15.8317424253
25.1883467151
15.7841876239
25.1094633022
15.7363852276
25.0311151932
15.6883142635
24.9533028548
15.6399851094
24.8760260644
15.5914399751
24.7992838783
15.5427460631
24.7230732966
15.493979352
24.6473886197
15.4452203048
24.572222308
15.3965503121
24.4975659262
15.3480481346
24.4234110871
15.2997863461
24.3497503954
15.2518216702
24.2765795463
15.2041787476
24.2038998211
15.156857401
24.1317178101
15.1098406312
24.0600449117
15.0631026122
23.9888968318
15.0166183365
23.9182953613
14.970374984
23.8482717845
14.9243782421
23.7788625859
14.8786583747
23.710104791
14.833274351
23.6420332327
14.7882854791
23.5746786766
14.7437414873
23.5080649713
14.699674285
23.4422069911
14.6560911471
23.3771084947
14.6129793913
23.3127617032
14.5703141909
23.2491541189
14.5280508648
23.1862689288
14.4861294709
23.1240843857
14.4444806186
23.0625725786
14.4030325913
23.0017000768
14.3617186277
22.9414287296
14.3204842035
22.8817164656
14.2792943127
22.8225180923
14.2381396044
22.7637859682
14.1970247194
22.7054691782
14.1559587915
22.647513602
14.1149479258
22.5898619349
14.0739964492
22.532456316
14.0331085047
22.4752411778
13.9922912966
22.4181683755
13.9515600577
22.3612039458
13.910937969
22.3043271649
13.8704558279
22.2475292408
13.8301517161
22.1908120049
13.7900693398
22.134184641
13.7502506835
22.0776587724
13.7107219811
22.0212432905
13.671499998
21.9649400608
13.6325996979
21.9087424343
13.5940372065
21.8526419369
13.5558287266
21.7966294528
13.5179890821
21.740695886
13.4805308457
21.6848332549
13.4434654424
21.6290364852
13.4068029445
21.5733033278
13.3705517071
21.5176341226
13.3347124563
21.4620327775
13.299270056
21.406507669
13.2641906529
21.351071451
13.229436142
21.2957420203
13.1949673884
21.2405397699
13.160743744
21.1854852381
13.1267229037
21.1305969794
13.0928607618
21.0758894351
13.0591096183
21.0213685267
13.0254146627
20.9670256175
12.9917155047
20.9128391761
12.9579472605
20.8587761152
12.924041978
20.8047932323
12.8899320254
20.7508404125
12.8555575695
20.6968645878
12.8208883148
20.6428152177
12.785930369
20.5886483568
12.7507206125
20.5343288547
12.7153160654
20.4798252313
12.6797872869
20.4251100601
12.6442121453
20.3701608725
12.6086695883
20.3149610629
12.5732334124
20.2595007918
12.5379643969
20.2037762721
12.5029015284
20.1477885015
12.4680596969
20.0915418506
12.4334308595
20.0350428563
12.3989987695
19.9783017315
12.3647448775
19.9213321001
12.3306503528
19.8641515456
12.2966959949
19.8067809803
12.2628618044
19.7492437932
12.229126554
19.6915649969
12.1954673201
19.6337703787
12.1618572057
19.5758859326
12.1282652887
19.5179375113
12.0946588229
19.4599511143
12.0610050988
19.4019530744
12.0272753992
19.3439692067
11.9934563208
19.2860260669
11.9595407856
19.2281513353
11.9255194726
19.1703739676
11.8913819385
19.1127234943
11.8571177543
19.0552293174
11.8227176432
18.9979200079
11.7881733694
18.9408225828
11.7534733786
18.8839615609
11.7186020208
18.8273578892
11.6835408607
18.7710294848
11.6482764449
18.7149911142
11.6128094665
18.6592532815
11.577158551
18.6038222073
11.5413462422
18.5486983108
11.5053942955
18.4938768068
11.4693247873
18.439349086
11.4331612243
18.3851040957
11.3969296528
18.3311297202
11.360659768
18.2774141615
11.3243860625
18.2239473169
11.2881507842
18.1707218741
11.2520055008
18.117734884
11.2160117187
18.0649894432
11.1802387166
18.0124947883
11.1447570595
17.9602656443
11.1096247117
17.908319429
11.0748866007
17.8566749554
11.0405751838
17.8053512806
11.0067110141
17.7543665562
10.9733033068
17.7037368775
10.9403505057
17.6534751332
10.9078420966
17.6035898755
10.8757646724
17.5540844124
10.8441060506
17.5049576483
10.8128598489
17.4562054789
10.7820235881
17.407822332
10.7515944732
17.3598026285
10.7215694078
17.3121410243
10.691945009
17.2648326536
10.6627174892
17.2178733348
10.6338804474
17.1712591086
10.6054246727
17.1249860877
10.5773389222
17.0790505381
10.5496107371
17.0334489584
10.5222290691
16.9881778762
10.49518468
16.9432334259
10.4684681539
16.8986102843
10.4420672997
16.8543005498
10.415967339
16.8102942089
10.3901513569
16.766579626
10.364600753
16.7231440334
10.3392956926
16.6799740207
10.3142155576
16.6370560249
10.2893393978
16.5943768201
10.2646462852
16.5519240346
10.2401143791
16.5096873099
10.2157251196
16.4676591781
10.1914648295
16.4258357491
10.1673242275
16.3842157832
10.1432970321
16.3427992089
10.1193794903
16.3015867126
10.0955699059
16.2605793276
10.0718681687
16.2197780239
10.0482752829
16.1791832975
10.0247930293
16.1387947959
10.0014257168
16.0986116121
9.97817992271
16.0586322672
9.95506325858
16.0188544607
9.93208309689
15.9792748235
9.90924348886
15.939888953
9.88654417212
15.9006916621
9.86398018439
15.8616770157
9.8415423003
15.8228381931
9.81921817337
15.7841662367
9.79699366841
15.7456488852
9.77485355889
15.7072712093
9.75278222069
15.6690162564
9.7307643258
15.6308656956
9.70878553603
15.5928004629
9.68683329292
15.5548013786
9.66489889814
15.5168491232
9.642974464
15.478924495
9.62105245544
15.4410088553
9.59912568507
15.4030845735
9.57718730822
15.3651354712
9.55523081795
15.3271472667
9.53325004007
15.2891080195
9.51123912628
15.2510085729
9.48919151357
15.2128416845
9.46710150736
15.1746014239
9.44496501192
15.1362831466
9.42277928698
15.0978832351
9.40054270426
15.0593988402
9.37825450411
15.0208276225
9.35591455204
14.982167493
9.33352323099
14.9434163606
9.31108228293
14.9045720366
9.28859482726
14.8656323142
9.26606467411
14.8265961619
9.24349544721
14.7874648314
9.22089034178
14.7482411643
9.19825188599
14.7089288887
9.17558170258
14.6695319161
9.15287999181
14.6300538209
9.1301468279
14.5904970637
9.10738281191
14.5508625557
9.08458874062
14.5111495397
9.06176527527
14.4713554704
9.03891261042
14.4314758946
9.0160301427
14.3915043325
8.99311613966
14.3514321576
8.97016740856
14.3112484775
8.94717896708
14.2709400164
8.92414474776
14.2304923092
8.9010556787
14.1898906292
8.87789769008
14.1491205256
8.85465032999
14.1081685547
8.83128802738
14.0670223773
8.80778144105
14.0256708384
8.78409880869
13.9841040458
8.76020729595
13.9423134492
8.73607434545
13.9002919195
8.71166854936
13.8580349318
8.68696033161
13.8155416641
8.66192326507
13.7728142942
8.6365353924
13.7298572862
8.61078054694
13.6866766782
8.58464861494
13.6432781454
8.55813411747
13.5996644564
8.53123437559
13.5558363393
8.50394837341
13.511793092
8.47627660528
13.4675328758
8.44822092298
13.4230530093
8.41978438294
13.3783502629
8.39097109343
13.3334211525
8.36178606175
13.2882622334
8.33223504336
13.2428703961
8.30232555776
13.1972445108
8.27206713385
13.1513870369
8.24146906861
13.1053008602
8.21054170151
13.0589880216
8.17929864028
13.0124493073
8.14775633955
12.9656844722
8.11593359343
12.9186924817
8.08385102795
12.8714717545
8.05153059367
12.8240204044
8.01899505817
12.7763364828
7.98626797508
12.7284171162
7.95337384338
12.6802577294
7.92033763184
12.6318530697
7.88718425428
12.5831982538
7.85393482431
12.5342906379
7.82060466726
12.4851323765
7.78720564894
12.4357325414
7.75374687083
12.3861062473
7.72023530527
12.3362736968
7.68667643071
12.2862592245
7.65307486695
12.2360903414
7.61943501037
12.1857967798
7.58576166915
12.1354095369
7.55206069853
12.0849599198
7.51833963413
12.0344785879
7.48460715843
11.9839932475
7.45087333792
11.9335263798
7.41715327372
11.8830975557
7.38346852785
11.8327237123
7.34984526859
11.7824191865
7.31631219409
11.7321955526
7.28289904368
11.6820620144
7.24963520984
11.6320259022
7.21654835015
11.582093169
7.18366299922
11.5322688872
7.15099918066
11.4825577451
7.11857101899
11.432964543
7.08638535162
11.3834946905
7.05444038622
11.3341546896
7.02272863721
11.2849530197
6.99124112268
11.2359019808
6.95996780659
11.1870172475
6.92889822357
11.1383171783
6.89802210912
11.0898221193
6.86733002989
11.0415537102
6.83681401391
10.9935341885
6.80646818081
10.9457856948
6.77628937211
10.8983295776
6.74627742051
10.8511853514
6.71643441128
10.8043687137
6.68676511213
10.7578909258
6.65727882137
10.7117621669
6.6279877002
10.665992997
6.59890415381
10.6205949585
6.57004090655
10.5755805972
6.54141129898
10.5309636797
6.51302899712
10.4867588562
6.4849076011
10.4429812185
6.45706025381
10.3996458588
6.42949924953
10.356767428
6.40223564263
10.3143596942
6.37527885618
10.272435101
6.34863633607
10.2310043135
6.32231642559
10.1900749411
6.29632985761
10.1496493604
6.27068765445
10.1097226147
6.24540042433
10.070283466
6.22047771238
10.0313155324
6.19592735153
9.99279842628
6.17175480948
9.95470893433
6.14796253242
9.91702272546
6.12454942414
9.87971565277
6.10151035364
9.84276487495
6.07883602353
9.80615032457
6.05651384652
9.76985711709
6.03452765328
9.73387659696
6.01285598212
9.69820340949
5.99147295758
9.66283465063
5.97034980282
9.62776989228
5.94945648776
9.5930114226
5.92876278935
9.55856393144
5.90823925128
9.52443409179
5.88785814369
9.49063014114
5.86759442291
9.45716146292
5.84742669111
9.42403816787
5.82733815607
9.39127067546
5.80731759087
9.35886929529
5.78736024813
9.32684382117
5.76746555385
9.29520394809
5.7476351249
9.26395936515
5.72787242004
9.23311934851
5.70818239094
9.20269235441
5.68857113314
9.17268561206
5.66904553711
9.14310471672
5.64961294322
9.11395317941
5.63028079996
9.08523144998
5.61105607452
9.05693580277
5.59194483274
9.02905748555
5.57295296894
9.00158389611
5.55408600793
8.97449885226
5.53534881582
8.94778277303
5.51674531094
8.92141286001
5.49827817468
8.89536327855
5.47994851535
8.86960528601
5.4617553962
8.84410714503
5.44369595138
8.81883459153
5.42576560238
8.7937514069
5.40795827457
8.76881999008
5.39026661364
8.74400192973
5.3726822021
8.71925857633
5.35519577578
8.69455161434
5.3377974403
8.66984363429
5.32047688757
8.64509870497
5.30322361228
8.62028294549
5.28602712835
8.59536509745
5.26887718548
8.57031709708
5.25176398556
8.54511464735
5.2346784064
8.51973769713
5.21761234575
8.49416960489
5.20055905487
8.46839646537
5.18351331161
8.44240722809
5.16647167734
8.41619453937
5.14943255609
8.3897555017
5.13239510368
8.36309040552
5.11535906495
8.33620236761
5.09832470189
8.30909705821
5.08129272185
8.28178242808
5.06426420575
8.2542684356
5.04724053627
8.2265667739
5.03022332602
8.19869059793
5.01321434575
8.17065425156
4.99621545255
8.1424729947
4.97922851804
8.11416273036
4.96225535655
8.08573973179
4.94529765332
8.05722036954
4.92835689272
8.02862083858
4.9114342864
7.99995688539
4.89453070151
7.97124353508
4.87764658889
7.94249481843
4.86078191126
7.91372349907
4.84393607141
7.8849408005
4.82710784041
7.85615613324
4.81029527861
7.82737691486
4.79349553628
7.79860970556
4.77670466041
7.76986118357
4.75991726534
7.74113916067
4.74312655769
7.71245361575
4.72632450093
7.68381646065
4.7095019765
7.65524128507
4.69264894476
7.62674310134
4.67575460613
7.59833808928
4.65880756206
7.57004334104
4.64179597615
7.54187660592
4.62470773513
7.51385603522
4.60753060996
7.48599992705
4.59025241686
7.45832647118
4.57286117835
7.4308534939
4.55534528433
7.4035982028
4.53769365307
7.37657693164
4.51989589231
7.34980488518
4.5019424603
7.323295884
4.48382482684
7.29706210935
4.46553563432
7.27111384798
4.44706885877
7.24545923697
4.42841997093
7.22010400858
4.40958609729
7.19505123506
4.39056617394
7.17030116644
4.37136098408
7.14585234071
4.35197320922
7.12170200408
4.33240750349
7.09784614655
4.31267060773
7.07427887107
4.2927711954
7.05099145629
4.27271969321
7.02797259178
4.2525281055
7.00520863442
4.23220983839
6.98268386471
4.21177952409
6.96038074308
4.19125284516
6.93828016628
4.17064635871
6.91636172364
4.14997732074
6.89460395346
4.12926351032
6.87298459931
4.10852305391
6.85148086638
4.08777424953
6.8300696778
4.06703539113
6.80872793097
4.04632459275
6.78743275391
4.02565961281
6.76616176159
4.00505767838
6.74489331222
3.98453530941
6.72360676366
3.96410814301
6.70228272968
3.9437907577
6.68090333632
3.92359649763
6.65945247822
3.90353729689
6.63791607498
3.8836235185
6.61628221535
3.86386413132
6.59453952399
3.84426677366
6.57267662429
3.82483810568
6.55068197283
3.80558425596
6.52854359392
3.78651092868
6.5062491026
3.76762339646
6.48378582264
3.74892649311
6.46114090468
3.73042460644
6.43830144428
3.71212167099
6.41525460002
3.69402116088
6.39198771154
3.67612608255
6.36848841765
3.65843896757
6.34474477439
3.64096186538
6.32074537312
3.62369633613
6.29647945858
3.60664344342
6.27193704698
3.5898037471
6.24710904408
3.57317729605
6.22198736324
3.55676362097
6.19656504356
3.54056172715
6.17083636786
3.52457008727
6.14479698086
3.50878663416
6.11844400719
3.49320873645
6.09177607178
3.47783309079
6.06479270021
3.46265573631
6.0374941751
3.44767208578
6.00988153037
3.43287673513
5.98195705082
3.41826337891
5.95372436079
3.40382467503
5.92518835759
3.38955221448
5.89635518696
3.37543665828
5.86723213298
3.36146787426
5.83782750788
3.34763507393
5.80815054194
3.33392694935
5.77821127333
3.32033180996
5.74802043796
3.30683771942
5.71758935933
3.2934326325
5.68692983845
3.2801045319
5.65605404361
3.26684156509
5.62497440029
3.25363218119
5.59370348104
3.24046526868
5.56225389958
3.22733033113
5.53063847224
3.21421758645
5.49887023958
3.20111802206
5.46696231482
3.18802345012
5.43492773207
3.1749265627
5.40277929471
3.161820987
5.37052942372
3.1487013577
5.33819010364
3.13556347273
5.30577344871
3.12240431917
5.27329183197
3.10922185343
5.24075840081
3.09601488539
5.2081871833
3.08278305755
5.17559292014
3.06952656722
5.14299106212
3.05624594647
5.11039765985
3.04294195655
5.07782915845
3.02961548231
5.04530219223
3.01626742659
5.01283337931
3.00289860469
4.98043911628
2.98950963873
4.94813537289
2.97610085211
4.91593748671
2.9626721639
4.88385995773
2.94922283372
4.85191615159
2.93575088865
4.82011783489
2.92225312808
4.78847509644
2.90872518009
4.75699629738
2.89516151978
4.7256877543
2.88155556414
4.69455356186
2.86789981094
4.66359558889
2.85418597764
4.63281347443
2.84040514025
4.60220462381
2.82654788941
4.57176430245
2.81260456981
4.54148634959
2.79856539739
4.51136343614
2.7844205599
4.48138718448
2.77016053903
4.45154778306
2.75577632848
4.42183401022
2.74125955094
4.3922335369
2.72660257496
4.3627332294
2.71179863185
4.33331945209
2.69684193263
4.3039783702
2.68172778493
4.2746962525
2.6664527099
4.24545977413
2.65101455909
4.21625631925
2.63541263143
4.18707428384
2.61964779011
4.15790337845
2.60372257946
4.12873493089
2.58764106984
4.09956185483
2.57140876985
4.07037855621
2.55503247717
4.04118098637
2.53852004223
4.01196639825
2.52188020849
3.98273324198
2.5051224967
3.95348123406
2.48825708915
3.92421142644
2.47129471394
3.8949262756
2.45424652923
3.86562971167
2.4371239904
3.83632710984
2.41993863368
3.80702464174
2.40270198218
3.77772908277
2.38542547602
3.74844773839
2.36812040254
3.71918837032
2.35079782642
3.68995912278
2.33346851993
3.66076844872
2.31614289303
3.63162503607
2.2988309236
3.60253773395
2.28154208758
3.57351547892
2.26428528915
3.54456722122
2.24706879094
3.51570185098
2.22990014415
3.48692812446
2.21278611876
3.45825459032
2.19573263369
3.42968951579
2.17874483654
3.40124090448
2.1618279229
3.37291710755
2.1449876282
3.34472727904
2.12823015167
3.31668126986
2.11156214912
3.2887898908
2.09499067458
3.26106497502
2.07852307488
3.23351922079
2.06216688404
3.20616603423
2.04592971782
3.17901937214
2.02981916818
3.15209358468
2.01384269778
3.12540325823
1.99800753445
3.09896305807
1.98232056569
3.0727875712
1.96678823317
3.04689114908
1.9514164272
3.02128775042
1.9362103812
2.99599078389
1.92117456623
2.97101295097
1.90631258545
2.94636608864
1.89162706861
2.92206101217
1.87711956653
2.89810735791
1.86279044562
2.87451342602
1.84863878234
2.85128602325
1.83466225766
2.82843030572
1.82085705162
2.80594962165
1.80721773776
2.78384535415
1.7937374497
2.76211709818
1.7804079803
2.74076289963
1.76721994136
2.71977934333
1.75416297161
2.69916166642
1.74122591033
2.67890376639
1.72839694574
2.65899827009
1.7156637664
2.63943664907
1.70301371275
2.62020933483
1.69043392853
2.60130583416
1.67791151231
2.58271484445
1.66543366893
2.56442436894
1.65298786097
2.54642183208
1.64056196026
2.52869419479
1.62814439933
2.51122806979
1.61572432289
2.49400983687
1.60329173932
2.47702575823
1.59083767212
2.46026209374
1.57835430726
2.44370522686
1.56583504989
2.42734199211
1.55327460419
2.41115986937
1.54066908222
2.39514709392
1.52801611268
2.37929276634
1.51531494977
2.3635869625
1.50256658194
2.34802084358
1.48977384072
2.33258676599
1.47694108789
2.31727796564
1.46407365212
2.30208801235
1.45117778212
2.28701079652
1.43826056886
2.27204041387
1.42532984244
2.25717111126
1.41239407209
2.24239727866
1.39946226619
2.22771344122
1.38654387228
2.2131142513
1.37364867712
2.19859448048
1.36078670665
2.18414901162
1.34796812604
2.16977283089
1.3352031397
2.15546101976
1.3225018913
2.1412087471
1.30987436379
2.12701126116
1.2973302794
2.11286388162
1.28487899969
2.09876199161
1.27252942553
2.08470102979
1.26028990128
2.07067647173
1.24816820959
2.05668360981
1.23617154301
2.04271746621
1.22430644665
2.02877279026
1.21257876087
2.01484405583
1.20099356403
2.00092545868
1.18955511508
1.98701091379
1.17826679634
1.97309405279
1.16713105613
1.95916822124
1.1561493515
1.94522647604
1.14532209173
1.93126158733
1.13464861615
1.91726614579
1.1241268214
1.90323217301
1.11375268607
1.88915056339
1.10352038156
1.87501120131
1.09342238769
1.86080308372
1.08344960828
1.84651444266
1.0735914867
1.83213286788
1.06383612148
1.8176454294
1.05417038188
1.8030388001
1.04458002347
1.78829937828
1.03504980371
1.77341341023
1.02556359754
1.75836711282
1.01610451293
1.74314679608
1.00665501063
1.72773897516
0.997197114547
1.71213028078
0.987712598861
1.69630750271
0.978183146312
1.68025771774
0.968590506442
1.66396841754
0.958916653842
1.64742763658
0.949143946412
1.63062408005
0.939255283609
1.61354725174
0.929234264697
1.59618758193
0.919065347007
1.57853655535
0.908734004181
1.56058683903
0.89822688443
1.54233241024
0.887531968781
1.52376868436
0.876639105223
1.50489307867
0.865540642325
1.48570569835
0.854231476603
1.46620934723
0.842709095191
1.44640953312
0.830973617525
1.42631447198
0.819027052472
1.40593416243
0.806872598154
1.38527951813
0.794514593094
1.36436227505
0.781958467356
1.34319489879
0.769210693686
1.3217904919
0.756278738655
1.30016270118
0.7431710138
1.27832562496
0.729896822632
1.25629373103
0.716466216981
1.23408197612
0.702889876561
1.2117057922
0.689179017448
1.1891809885
0.675345300542
1.16652365346
0.661400740044
1.14375005671
0.647357611918
1.12087655108
0.63322836237
1.09791947453
0.619025516309
1.07489505215
0.604761585823
1.05181929817
0.590448978647
1.02870791786
0.576099906632
1.00557620961
0.561726670104
0.982439402667
0.547342041703
0.959313117295
0.532959063966
0.936213149559
0.518590842219
0.913155250747
0.504250337461
0.890154906763
0.489950160251
0.867227118713
0.475703149134
0.844387113086
0.46152290638
0.821650994148
0.4474236824
0.799035621369
0.433420260168
0.776558486846
0.419527839641
0.754237592726
0.405761922179
0.732091328635
0.392138194963
0.710138349099
0.378672415416
0.68839745097
0.365380295623
0.666887450848
0.352277386749
0.645627062512
0.339378963461
0.624634774335
0.326699908346
0.603928726719
0.314254596334
0.583526589512
0.302056779111
0.563445439434
0.290119469547
0.543701637506
0.278454826109
0.524310706468
0.267074037285
0.50528720821
0.255987206
0.48664462119
0.245203234042
0.468395217864
0.234729330586
0.450549506253
0.224570421251
0.433115549254
0.2147291434
0.416098959225
0.205205846145
0.399502897978
0.195998591336
0.383328077959
0.187103939101
0.367573693027
0.178517690691
0.35223829145
0.170234980016
0.337319873921
0.162193141718
0.322706987045
0.154385964465
0.308394148458
0.146807014559
0.294376083382
0.139449727473
0.280647822653
0.13230749937
0.267204800737
0.125373778642
0.254042953754
0.118642157438
0.241158817503
0.112106463193
0.228549625476
0.105760850156
0.216213406889
0.0995998909254
0.204149084694
0.0936186679755
0.192356573611
0.087812865187
0.180836878141
0.0821788593779
0.169592190592
0.0767138118328
0.1586259891
0.071415759834
0.147943135651
0.0662837081905
0.137549974103
0.061317720769
0.127454428206
0.0565190120235
0.117666099625
0.0518900385258
0.108196365963
0.0474345904952
0.0990584787784
0.0431578833287
0.090267661613
0.0390666481414
0.0818412068326
0.0351684377543
0.0737976428693
0.0314709753792
0.0661559592507
0.0268864383892
0.0567346176937
0.0226018237965
0.0478701856716
0.018634170648
0.039608772776
0.0150005179902
0.0319964885984
0.0117179048698
0.0250794427302
0.0088033703337
0.0189037447628
0.00627395342844
0.0135155042879
0.00414669320077
0.00896083089672
0.00243862869739
0.00528583418089
0.001166798965
0.00253662373185
0.000348243050297
0.00075930914106
0
0
