2
1000
-30.0531914894
43.3510638298
-30.0389218818
43.3509365799
-30.0249317843
43.3506292602
-30.011228928
43.3501382386
-29.9978210436
43.3494598834
-29.9847158621
43.3485905625
-29.9719211144
43.3475266441
-29.9594445315
43.3462644963
-29.9472938443
43.3448004871
-29.9354767836
43.3431309847
-29.9240010804
43.3412523571
-29.9128744656
43.3391609724
-29.9021046702
43.3368531987
-29.8905359139
43.3350396185
-29.8791496338
43.3331132517
-29.8679456374
43.3310745543
-29.8569236547
43.3289240189
-29.8460833387
43.3266621743
-29.8354242647
43.3242895856
-29.8249459309
43.3218068543
-29.8146477582
43.319214618
-29.8045290901
43.316513551
-29.794589193
43.3137043635
-29.7848272557
43.3107878024
-29.7752423899
43.3077646506
-29.7658336298
43.3046357275
-29.7565999326
43.3014018888
-29.7475401778
43.2980640265
-29.738653168
43.2946230689
-29.7299376281
43.2910799806
-29.721392206
43.2874357625
-29.7130154705
43.2836914158
-29.7048057719
43.2798450092
-29.6967611525
43.2758901258
-29.6888793443
43.2718162936
-29.6811577677
43.2676094162
-29.6735935303
43.2632522031
-29.6661834246
43.258724601
-29.658990589
43.253963764
-29.6520151629
43.2489431684
-29.6452570433
43.2436347823
-29.6387158835
43.2380094971
-29.6323910917
43.2320375576
-29.626281829
43.2256889926
-29.6203870083
43.218934046
-29.6147052923
43.2117436067
-29.6092350919
43.2040895039
-29.6039745653
43.1959429032
-29.5989216156
43.1872736047
-29.5940738896
43.178049885
-29.5894287761
43.1682383408
-29.5849834048
43.1578037311
-29.5807346437
43.1467088209
-29.5766790988
43.1349142235
-29.5728131114
43.1223782435
-29.5691327571
43.1090567201
-29.5656307639
43.0949013621
-29.5622865247
43.0798577739
-29.5590687616
43.0638688599
-29.5559393512
43.0468768876
-29.5528571501
43.0288255522
-29.549781821
43.0096620396
-29.5466776577
42.989339091
-29.5435174109
42.967817066
-29.5402861138
42.9450660069
-29.5369788698
42.9210660524
-29.5335910056
42.8958040901
-29.530117809
42.8692716904
-29.526554528
42.8414630956
-29.5228963712
42.81237321
-29.519138508
42.7819955893
-29.515276068
42.7503205663
-29.5113041417
42.7173352742
-29.5072170863
42.6830226564
-29.5029876416
42.6473576004
-29.498566363
42.6103089933
-29.4938941619
42.5718443438
-29.4889148472
42.5319344026
-29.4835876653
42.490557784
-29.477898417
42.4477052863
-29.4718418785
42.4033773988
-29.4654160101
42.3575861394
-29.4586321704
42.3103603548
-29.4515125428
42.2617422795
-29.4440863116
42.211783452
-29.4363858378
42.1605406298
-29.4284428351
42.1080717048
-29.4202845461
42.0544316191
-29.4119299181
41.9996693822
-29.4033857793
41.9438286766
-29.3946490524
41.8869457173
-29.3857166032
41.8290503048
-29.3765855046
41.7701655973
-29.3672530386
41.7103078268
-29.3577166978
41.6494860147
-29.3479729607
41.587701016
-29.3379965507
41.5249348472
-29.3277418311
41.4611567295
-29.3171551301
41.3963358713
-29.3062072567
41.3304565808
-29.2949057004
41.263527456
-29.2832930412
41.1955875565
-29.2714195975
41.1266941183
-29.2593204353
41.0569095745
-29.2470042535
40.9862952385
-29.2344740456
40.9149133455
-29.2217461008
40.8428295122
-29.2088473393
40.7701081826
-29.1958114879
40.6968094136
-29.1826752533
40.6229856615
-29.1694744973
40.5486795025
-29.1562404109
40.4739252418
-29.1429956885
40.3987486393
-29.1297507029
40.3231652233
-29.1165057173
40.2471766666
-29.1032607316
40.1707753197
-29.090015746
40.0939479022
-29.0767707604
40.0166779606
-29.0635257747
39.9389486054
-29.0502807891
39.860745422
-29.0370370298
39.7820600523
-29.0238029079
39.7029026978
-29.0105519935
39.6232967128
-28.9972749566
39.5432735858
-28.9840197411
39.4628624651
-28.9708754767
39.3820708389
-28.9579036997
39.3008651485
-28.9451400171
39.2191813231
-28.9325934427
39.1369364236
-28.9202639764
39.0540407738
-28.908148536
38.9704086571
-28.8962206215
38.8859614924
-28.8844084619
38.8006258166
-28.8726160201
38.7143335325
-28.8607470477
38.6270226164
-28.8487291391
38.5386368904
-28.8365274528
38.4491227645
-28.8241192943
38.3584331987
-28.8114942909
38.2665302608
-28.7986521795
38.1733903125
-28.7855929599
38.079006002
-28.7723166322
37.9833879978
-28.7588231964
37.8865632733
-28.7451126525
37.7885731237
-28.7311862267
37.689471836
-28.717067114
37.5893369731
-28.7028138688
37.4882628363
-28.6885367853
37.3863519935
-28.6743021569
37.2837035796
-28.6600863669
37.1803960269
-28.6457884345
37.0764786336
-28.6313216973
36.9719821075
-28.6166468658
36.8669067343
-28.6017549261
36.7611932669
-28.5866458784
36.6547614549
-28.5713197225
36.5475548232
-28.5557866697
36.4395400015
-28.5400915705
36.330690355
-28.5242967353
36.2209873591
-28.5084617058
36.1104219681
-28.4926230257
35.9990040785
-28.4767843457
35.8867589995
-28.4609456656
35.7737145044
-28.4451069856
35.6598895961
-28.4292683056
35.5452711151
-28.4134296255
35.4297941982
-28.3975909455
35.3134001325
-28.3817522654
35.1960738282
-28.3659135854
35.0778159046
-28.3500736791
34.9586312496
-28.3342241353
34.8385072199
-28.3183920777
34.7174111644
-28.3026217306
34.59530021
-28.2869553508
34.4721284842
-28.2714192509
34.3478677605
-28.2560609986
34.2225286307
-28.2409161717
34.09615144
-28.225988453
33.9687995721
-28.2112778423
33.8405810976
-28.1967843398
33.7116023089
-28.1825181566
33.5819142801
-28.1685241432
33.4515032162
-28.1548646101
33.3203261203
-28.1415990989
33.1883308174
-28.1287641534
33.055475524
-28.1163421957
32.9217356173
-28.1042568621
32.7870987481
-28.0924252499
32.6515616849
-28.0808107458
32.5151276205
-28.0694133499
32.377814269
-28.058233062
32.2396730373
-28.0472698823
32.100740985
-28.0365238107
31.9610175347
-28.0259948473
31.8204957444
-28.0156829919
31.6791688774
-28.005573461
31.5370367366
-27.9956079828
31.3941062503
-27.9857480239
31.2503791381
-27.9760085009
31.10584938
-27.9664468256
30.960487608
-27.9570985756
30.8142318764
-27.9479674338
30.6670419407
-27.9390534001
30.5189736843
-27.9303564745
30.3701647774
-27.921876657
30.2207618293
-27.9136037364
30.0709023059
-27.9054928622
29.920739761
-27.8974817241
29.7704320324
-27.8895107803
29.6201243264
-27.8815434869
29.4699204369
-27.873597422
29.3198790787
-27.8657489494
29.1700386756
-27.8580809714
29.0204419344
-27.8506301017
28.8711678346
-27.84339634
28.7223564181
-27.8363796864
28.5741435361
-27.829580141
28.4266142488
-27.8229977037
28.2798197281
-27.8166323745
28.1337845221
-27.8104841535
27.9885207673
-27.8045530405
27.8440409789
-27.7988264128
27.7003610686
-27.7932584865
27.5575023214
-27.7877878403
27.4154901307
-27.7823564545
27.2743739446
-27.7769287516
27.1342408008
-27.7715010486
26.9951810781
-27.7660733456
26.8572220038
-27.7606456426
26.7203332086
-27.7552179396
26.5844876498
-27.7497902366
26.4496819485
-27.7443625336
26.3159125092
-27.7389348306
26.1831738034
-27.7335071276
26.0514580439
-27.728100653
25.92076911
-27.7227917707
25.7911158427
-27.7176633831
25.6625039822
-27.7127521036
25.5349333524
-27.7080579323
25.4083842567
-27.7035808691
25.2827949034
-27.699320914
25.1581118057
-27.695278067
25.0343121345
-27.6914523281
24.9113734932
-27.6878436974
24.7892715471
-27.6844521748
24.6679770902
-27.6812777603
24.5474542401
-27.6783204539
24.4276757126
-27.6755802556
24.3086379464
-27.6730571655
24.1903786604
-27.6707511835
24.0729769824
-27.6686623096
23.9565129715
-27.6667905438
23.8410221108
-27.6651358861
23.7264730964
-27.6636983366
23.6127931895
-27.6624778952
23.4998934145
-27.6614745619
23.3876740345
-27.6606883367
23.2760369092
-27.6601192196
23.1648950517
-27.6597672107
23.0541820707
-27.6596110815
22.9438498403
-27.6595744681
22.833859584
-27.6595744681
22.7241738377
-27.6595744681
22.6147457835
-27.6595746845
22.5055114543
-27.6595881381
22.3963944003
-27.6596441301
22.2873152243
-27.6597828453
22.1782063141
-27.6600499547
22.0690191138
-27.6604912181
21.9597239894
-27.661147087
21.8503111146
-27.6620571486
21.740786912
-27.6632673885
21.6311652754
-27.6648245045
21.521462306
-27.6667701648
21.4116703182
-27.6691352662
21.3017385721
-27.6719341914
21.1915986321
-27.6751673328
21.0812023252
-27.6788346906
20.9705586208
-27.6829362645
20.8597240936
-27.6874720547
20.7487945496
-27.6924420611
20.6378903994
-27.6978462838
20.5271350502
-27.7036847227
20.4166334051
-27.7099573778
20.3064531879
-27.7166642492
20.1966340051
-27.7238053368
20.0872003958
-27.7313806407
19.9781676692
-27.7393901608
19.8695476896
-27.7478336807
19.7613541344
-27.7566981798
19.6536061671
-27.7659543566
19.5463233024
-27.7755620264
19.4395233991
-27.7854755183
19.3332231202
-27.7956490724
19.2274383921
-27.8060433921
19.1221831361
-27.8166323108
19.0174561301
-27.8273951332
18.9132374841
-27.8383183126
18.8094898609
-27.8493971843
18.7061702118
-27.8606376986
18.6032416808
-27.8720581547
18.5006810068
-27.8836826689
18.3984745474
-27.8955235676
18.2966161758
-27.9075815744
18.1951032399
-27.9198566893
18.0939277565
-27.9323489123
17.9930765195
-27.9450582434
17.8925379495
-27.9579846827
17.792308839
-27.9711282301
17.6924013815
-27.9844888856
17.5928383881
-27.9980666492
17.4936497029
-28.0118615209
17.3948716567
-28.0258732843
17.2965480881
-28.0400889188
17.1987316127
-28.0544791229
17.1014808144
-28.0690037119
17.0048606443
-28.0836170148
16.9089353751
-28.0982732719
16.8137559385
-28.1129320316
16.7193402262
-28.1275525519
16.6256621785
-28.1420754266
16.5326756489
-28.1564286675
16.4403282641
-28.1705374552
16.3485719864
-28.1843338898
16.2573736752
-28.1977667413
16.166715257
-28.2108029351
16.0765816568
-28.2234179627
15.9869545195
-28.2355994977
15.897806664
-28.2473468165
15.8091026649
-28.2586599191
15.7207999534
-28.2695388054
15.6328534147
-28.2799834755
15.5452211162
-28.2899939293
15.4578734756
-28.2995701669
15.3707950197
-28.3087121883
15.283978917
-28.3174199934
15.1974231295
-28.3256935823
15.1111265566
-28.3335331714
15.0250836094
-28.3409521311
14.9392791786
-28.3479996084
14.8536944803
-28.3547577278
14.7683116853
-28.3613245021
14.6831152558
-28.3677967432
14.5980932797
-28.3742518182
14.5132468469
-28.3807294024
14.4286046822
-28.387250191
14.3442140499
-28.3938277306
14.2601282674
-28.4004666861
14.1763940765
-28.4071611071
14.0930390135
-28.4138926944
14.0100691716
-28.4206373318
13.9274792024
-28.4273826928
13.8452563867
-28.4341280538
13.7633790847
-28.4408755886
13.6818102542
-28.4476445386
13.6004863785
-28.4544692692
13.5193249101
-28.4613934426
13.4382344185
-28.468464192
13.3571212984
-28.4757262941
13.2759008914
-28.4832175761
13.1945082784
-28.4909795957
13.112893026
-28.4990576263
13.0310140087
-28.5074956547
12.9488386086
-28.5163310288
12.8663426233
-28.5255703094
12.78350576
-28.5351816691
12.7003106475
-28.545112768
12.6167468703
-28.5553125542
12.5328247208
-28.5657441119
12.4485841297
-28.5764073531
12.3640771797
-28.5873275683
12.2793550687
-28.5985379085
12.1944608068
-28.6100753772
12.1094210622
-28.6219768213
12.0242466702
-28.6342749231
11.9389435189
-28.646994191
11.8535147951
-28.6601469516
11.7679631983
-28.6737339283
11.6822946126
-28.6877529476
11.5965265939
-28.7021854073
11.5107015339
-28.717003016
11.4248812975
-28.7321738646
11.3391337225
-28.7476673463
11.2535226673
-28.7634590759
11.1680987405
-28.7795345761
11.0828910479
-28.7958776902
10.9979149867
-28.8124696898
10.9131799637
-28.8292930202
10.8286927862
-28.8463162494
10.7444625495
-28.8634955656
10.66050178
-28.8807912645
10.5768253414
-28.8981755233
10.4934474298
-28.9156342003
10.4103679867
-28.9331783604
10.3275628745
-28.9508331673
10.2449900098
-28.9686243215
10.1625989644
-28.9865780066
10.0803407278
-29.0047208356
9.9981784788
-29.0230797969
9.91608969483
-29.0416828319
9.83405779179
-29.0605592275
9.75207345164
-29.0797391301
9.67013667886
-29.0992508845
9.58826066095
-29.119105652
9.50648371665
-29.139298228
9.42486287978
-29.1598075862
9.34346389603
-29.1806019835
9.26235613518
-29.2016456754
9.18160395722
-29.222904906
9.10125544429
-29.2443386466
9.02134686283
-29.2659000295
8.94190551917
-29.2875427691
8.86294935393
-29.309227933
8.78448648576
-29.3309495093
8.70651247499
-29.3527434275
8.62901131377
-29.3746710759
8.55194720114
-29.3967950945
8.47526343954
-29.4191661996
8.39889463923
-29.4418103919
8.32277898023
-29.4647387994
8.24686861563
-29.4879599743
8.17113669808
-29.5114801005
8.09557580568
-29.5353048073
8.02018475142
-29.5594388899
7.94496683369
-29.5838853549
7.86992845802
-29.6086446496
7.79507671021
-29.63371477
7.72041623305
-29.6590935446
7.64594429916
-29.6847929212
7.57163828268
-29.710832388
7.49746240678
-29.7372339588
7.42337531553
-29.7640183811
7.34933698883
-29.7912008863
7.2753156545
-29.8187876658
7.20129665326
-29.8467875976
7.12727557349
-29.8752132786
7.05325299259
-29.9040770688
6.9792324795
-29.9333871364
6.90521859724
-29.9631435014
6.8312149054
-29.9933344287
6.75722104392
-30.0239452219
6.68323834596
-30.0549665955
6.60927632616
-30.0863929631
6.5353479488
-30.1182207244
6.46146489575
-30.1504465512
6.38763283439
-30.1830656741
6.31384668559
-30.2160687502
6.24009433266
-30.2494371261
6.16637194678
-30.2831419645
6.09268516238
-30.3171502182
6.01904179895
-30.3514265206
5.94545029289
-30.3859346352
5.87191866592
-30.4206389041
5.79845349366
-30.4555064135
5.7250583873
-30.4905131871
5.65173147785
-30.5256449218
5.57846529913
-30.5608960307
5.50524695059
-30.5962681781
5.43206123048
-30.6317678231
5.35889365772
-30.6674034566
5.28573328056
-30.7031834786
5.21257568493
-30.7391140762
5.13942600284
-30.7751971005
5.06630192072
-30.811427943
4.99323670579
-30.847792389
4.9202928936
-30.8842629104
4.84756928069
-30.9208017561
4.7751881394
-30.9573651433
4.70328120744
-30.9939074485
4.63197567738
-31.0303853979
4.56138018622
-31.0667608405
4.49158025717
-31.1030019142
4.42264708542
-31.1390863047
4.35463438837
-31.1750027757
4.28757768154
-31.2107458994
4.22150172977
-31.2463148685
4.15642228836
-31.2817127836
4.09234733951
-31.3169461494
4.02927803281
-31.3520241752
3.96720775564
-31.3869571674
3.90612382877
-31.4217548506
3.84600994703
-31.4564251476
3.78684862278
-31.4909734678
3.72862065916
-31.5254029867
3.67130473454
-31.5597152317
3.61487720023
-31.5939100279
3.5593116785
-31.6279854441
3.50457866054
-31.6619377227
3.45064455172
-31.6957600823
3.39746923025
-31.7294378849
3.34500001749
-31.7629502103
3.29316883499
-31.7962716784
3.24190016502
-31.8293742713
3.19111901114
-31.8622291557
3.14075885883
-31.8948085051
3.09076963599
-31.9270887405
3.04111622129
-31.9590553766
2.99176360849
-31.9907033724
2.94267680822
-32.02203082
2.89382815963
-32.0530376527
2.84519819273
-32.0837261157
2.79677452159
-32.1141000367
2.74855038235
-32.1441631763
2.70052381121
-32.1739177728
2.65269869255
-32.2033639972
2.60508318176
-32.2324994886
2.55768775726
-32.2613188907
2.51052327299
-32.2898143572
2.46359937818
-32.317976364
2.41692315034
-32.3457938804
2.37049752861
-32.3732545408
2.32431974703
-32.400344816
2.27837976789
-32.4270501994
2.2326592678
-32.4533576531
2.18713058938
-32.4792648501
2.14174822396
-32.5047787815
2.09645269403
-32.5299127734
2.05117595671
-32.554683505
2.00584680715
-32.5791080256
1.96039628203
-32.6032007721
1.91476306301
-32.6269705863
1.86889854117
-32.6504177327
1.82276756802
-32.6735333199
1.77634639368
-32.6963053384
1.72961408024
-32.7187196794
1.68255036428
-32.7407593575
1.63513545682
-32.7624047698
1.58734988934
-32.7836347343
1.53917389881
-32.80442754
1.49058681489
-32.8247619963
1.44156644703
-32.8446171446
1.39208772822
-32.8639556008
1.34211350379
-32.8827223187
1.29159677536
-32.9008497772
1.2404868051
-32.9182638071
1.18873541964
-32.9348894185
1.13630331402
-32.9506566434
1.08316690841
-32.9655064571
1.02932752497
-32.9793955193
0.974819039478
-32.9922914572
0.919704713725
-33.0041652163
0.864060364063
-33.0149904357
0.807969815611
-33.0247428594
0.75152041742
-33.0333997464
0.694798557648
-33.0409392821
0.637885178728
-33.0473399886
0.580851631557
-33.0525801353
0.5237598431
-33.0566371502
0.46666249498
-33.059486972
0.409602643063
-33.0611020839
0.352614769165
-33.061450747
0.295726187861
-33.0604970777
0.238958386293
-33.0582010313
0.182328502682
-33.0545181295
0.125851499711
-33.0494003014
0.0695425956771
-33.0427984197
0.0134203110774
-33.0346812042
-0.0424826303397
-33.025037736
-0.0981202229607
-33.0138732418
-0.153438174215
-33.0012048781
-0.208378899487
-32.987057515
-0.262886517018
-32.9714594149
-0.316915277643
-32.9544357475
-0.370439913763
-32.93599914
-0.42345465932
-32.916150091
-0.475965913405
-32.8948834367
-0.527977567376
-32.8721880101
-0.579488975163
-32.8480462657
-0.630492984554
-32.8224329528
-0.68097574209
-32.795309721
-0.730928417254
-32.766628351
-0.78034643769
-32.7363356069
-0.829226347409
-32.7043780865
-0.877563266768
-32.6707071319
-0.925348395254
-32.635285057
-0.972567946378
-32.5980900345
-1.01920240573
-32.5591125253
-1.06522544501
-32.5183515046
-1.1106028578
-32.4758137493
-1.15529219232
-32.4315133509
-1.1992418984
-32.3854872388
-1.24238249213
-32.3377943142
-1.28462954278
-32.2885078546
-1.32589073335
-32.2377086558
-1.36607497539
-32.1854806622
-1.40510702877
-32.1319041504
-1.44293350407
-32.0770486903
-1.4795250222
-32.0209681887
-1.51487877487
-31.9637059066
-1.54901775199
-31.9053024143
-1.58197647911
-31.8457965207
-1.61379904036
-31.7852261927
-1.6445373855
-31.7236305772
-1.67425834941
-31.6610527835
-1.70304347159
-31.5975462459
-1.73097182632
-31.5331724605
-1.75811534177
-31.4679971008
-1.78453649616
-31.4020861351
-1.8102854121
-31.3355019422
-1.83539695096
-31.2683007739
-1.85989464666
-31.2005300381
-1.88380081482
-31.1322304154
-1.90713738098
-31.0634384173
-1.92992727335
-30.9941850143
-1.95219607348
-30.924492569
-1.97397428227
-30.8543511203
-1.99531708061
-30.7837087286
-2.01632382134
-30.7124872362
-2.03711811943
-30.6405983693
-2.05782366725
-30.5679573533
-2.07853454499
-30.4944985651
-2.09929291686
-30.4201787513
-2.12010121157
-30.3449758794
-2.14093214316
-30.2688832479
-2.16173974596
-30.1918977623
-2.18247810366
-30.1140150181
-2.20310743517
-30.0352232521
-2.2235998965
-29.9555076043
-2.24393489653
-29.8748668127
-2.26408758081
-29.7933217934
-2.2840305611
-29.710917087
-2.30373801077
-29.627709204
-2.32318976035
-29.5437560158
-2.34237539298
-29.4591061852
-2.36129833994
-29.3737874269
-2.37997313669
-29.2878025112
-2.39841650352
-29.2011255959
-2.41664770727
-29.1137108113
-2.43468835832
-29.0255065411
-2.45256194986
-28.9364700599
-2.47029352512
-28.8465864525
-2.48789970456
-28.7558818784
-2.50536715915
-28.6644040774
-2.52266435784
-28.5722065355
-2.53975003044
-28.4793352547
-2.55659024788
-28.3858162463
-2.5731776949
-28.2916560461
-2.58951741906
-28.1968519565
-2.60561473951
-28.1013985122
-2.62147377559
-28.0052923108
-2.63709597532
-27.9085368192
-2.65247842097
-27.8111472189
-2.66760342205
-27.7131446854
-2.68242930794
-27.6145411095
-2.6968798115
-27.5153286597
-2.71086149318
-27.415475934
-2.72428388255
-27.3149372127
-2.73707961997
-27.2136605949
-2.74922416529
-27.1115920387
-2.76071738625
-27.0086870471
-2.77155928285
-26.904921728
-2.7817498551
-26.800306406
-2.79128883819
-26.6948805009
-2.80015790554
-26.5886999868
-2.80831744645
-26.4818312562
-2.81570755888
-26.374347313
-2.82223748834
-26.2663132624
-2.82781039522
-26.1577847951
-2.83235239679
-26.0487994503
-2.83583337337
-25.9393688726
-2.83826275469
-25.8294917267
-2.83966730053
-25.7191713136
-2.84007828832
-25.6084202211
-2.83952949427
-25.4972575808
-2.83805517451
-25.3857145332
-2.83568804617
-25.2738410574
-2.8324574916
-25.1617034396
-2.82839647496
-25.0493727207
-2.8235490329
-24.9369126853
-2.81799143257
-24.8243756498
-2.81181711353
-24.7118088941
-2.80511654619
-24.5992600484
-2.79795709021
-24.4867825103
-2.79036328572
-24.3744449185
-2.782335265
-24.2623331604
-2.77387302804
-24.1505484284
-2.76497657483
-24.0391880834
-2.75564617018
-23.9283221674
-2.74590014067
-23.8179892517
-2.735778097
-23.7081884458
-2.72533994122
-23.5988770597
-2.7146764278
-23.4900002879
-2.70388439636
-23.3815135367
-2.6930397839
-23.2733921405
-2.6821843779
-23.1656407662
-2.67132897191
-23.0582844487
-2.66047356592
-22.9513492933
-2.64961815993
-22.8448523438
-2.63876275394
-22.7388029845
-2.62790734794
-22.6332001812
-2.61705194195
-22.5280256428
-2.60619653596
-22.4232465352
-2.5953471304
-22.3188241726
-2.58454046391
-22.2147242458
-2.57383253507
-22.1109235608
-2.56328192913
-22.0074076644
-2.55291575947
-21.9041703202
-2.54270873346
-21.8012154006
-2.53260958332
-21.6985513131
-2.52256718537
-21.5961812429
-2.51254183879
-21.4940906487
-2.50251680919
-21.3922587235
-2.49251037097
-21.2906824257
-2.48256213482
-21.1893807212
-2.4727223627
-21.0883962579
-2.46304133492
-20.9877890561
-2.45355871738
-20.8876168646
-2.44429292866
-20.7879252498
-2.43524424805
-20.6887503795
-2.42641267556
-20.5901156356
-2.4177982112
-20.4920256721
-2.40940085495
-20.3944712258
-2.40122060682
-20.2974413229
-2.39325746681
-20.2009263337
-2.38551143493
-20.1049181393
-2.37798251116
-20.0094080077
-2.37067069551
-19.9143854634
-2.36356998755
-19.819838132
-2.35664364864
-19.7257492998
-2.3498356802
-19.6320979262
-2.34308749697
-19.5388576704
-2.3363719856
-19.4459951127
-2.32971443868
-19.3534683147
-2.32315654571
-19.2612338873
-2.31672126628
-19.1692541555
-2.31040839425
-19.0775061783
-2.30418994918
-18.9859900622
-2.29800506893
-18.8947188248
-2.29178061727
-18.8037089827
-2.28544880388
-18.7129690541
-2.27895824613
-18.6224877972
-2.27226927815
-18.5322332423
-2.26536348136
-18.4421658629
-2.25824057645
-18.3522508596
-2.25090056342
-18.2624682446
-2.24334344227
-18.1728150615
-2.235569213
-18.0833022078
-2.22757787561
-17.9939414422
-2.2193694301
-17.9047365542
-2.21094387647
-17.8156777487
-2.20230121472
-17.7267400584
-2.19343551262
-17.637882362
-2.18431609319
-17.5490576774
-2.17489590682
-17.460222754
-2.16512274027
-17.3713436766
-2.15496781085
-17.2824007361
-2.14444166902
-17.1933924203
-2.1335905432
-17.1043253896
-2.12247513539
-17.0152052812
-2.11116331046
-16.9260327268
-2.09971197458
-16.8367969779
-2.08816589478
-16.7474643806
-2.07656765877
-16.657985077
-2.06495079209
-16.5683151324
-2.05333282313
-16.4784281872
-2.04171485416
-16.388320004
-2.0300968852
-16.2980034038
-2.01847891624
-16.2074870657
-2.00686094727
-16.116742945
-1.99524297831
-16.0255547854
-1.98362500934
-15.9337203715
-1.97200704038
-15.8411747139
-1.96038907142
-15.7478787756
-1.94877110245
-15.6538107311
-1.93715313349
-15.5589596813
-1.92553516452
-15.4633338969
-1.91392312779
-15.3669668476
-1.90234770027
-15.2699050779
-1.89085593156
-15.1721953075
-1.87950003492
-15.0738725186
-1.86830879302
-14.9749487768
-1.85727165542
-14.8753924029
-1.846351972
-14.775112824
-1.83552678314
-14.6739940585
-1.82479629501
-14.5719303895
-1.81418822326
-14.4688618225
-1.80374483819
-14.3647700121
-1.79348828202
-14.2596607586
-1.78341064374
-14.1535475304
-1.77347731256
-14.0464478157
-1.7636460839
-13.9383772564
-1.75387204402
-13.8293420961
-1.74411135226
-13.7193238728
-1.73432104703
-13.6082814166
-1.72445096739
-13.4963297493
-1.71444799557
-13.3835757012
-1.70426123789
-13.2700307847
-1.69384660016
-13.1557148862
-1.68315905229
-13.0406571876
-1.67215199253
-12.9249041685
-1.66078755075
-12.8085133959
-1.64905977197
-12.6915387839
-1.63699061523
-12.5740231753
-1.62462322583
-12.4559979835
-1.61200410623
-12.3374853361
-1.59916283915
-12.2184960501
-1.58610446395
-12.0990494339
-1.57281940232
-11.9791928616
-1.55927949019
-11.8589524032
-1.54544482059
-11.7383239402
-1.53127067867
-11.6172735647
-1.51671474194
-11.4957760652
-1.50175486821
-11.3738197028
-1.48639896845
-11.2513808503
-1.47068165349
-11.1284346425
-1.45464512788
-11.0049753285
-1.43833430536
-10.8810371273
-1.42179302661
-10.7567338179
-1.40506425321
-10.6324195527
-1.3881981461
-10.5084508357
-1.37124782306
-10.3850249286
-1.35426417774
-10.2622558572
-1.33729130436
-10.140199715
-1.320374233
-10.0188809147
-1.30355956541
-9.89829171663
-1.28688517172
-9.77839294454
-1.27035700692
-9.65913285332
-1.25395311195
-9.54046677568
-1.23763034152
-9.42236970731
-1.22134219317
-9.30484467951
-1.20505908418
-9.18794236003
-1.18877597519
-9.07177745948
-1.1724928662
-8.95650428348
-1.15620975721
-8.84230707717
-1.13992664823
-8.72934690149
-1.12364380446
-8.61773856143
-1.10737260926
-8.50753908534
-1.09113850199
-8.39876711932
-1.07497719575
-8.291439395
-1.05893089511
-8.18557104411
-1.0430445138
-8.08117579724
-1.02736189249
-7.97827463742
-1.01192599278
-7.87689373988
-0.996786975594
-7.77689345416
-0.981997958709
-7.67814057046
-0.967609835802
-7.58060324608
-0.953666701062
-7.48425464385
-0.940213584586
-7.389073997
-0.927297088118
-7.29503789048
-0.914961014021
-7.20212886916
-0.903241994261
-7.11034382525
-0.892165119387
-7.01969428665
-0.881739568873
-6.93019964396
-0.871965342718
-6.84187787585
-0.862842440922
-6.75474336762
-0.854370863487
-6.66879767097
-0.84655061041
-6.58401613963
-0.839381681694
-6.50039822516
-0.832864077337
-6.41797645786
-0.826997797339
-6.33681222725
-0.82178257648
-6.25695530089
-0.817207031412
-6.17842538049
-0.813245722773
-6.10123696878
-0.809862937464
-6.02539450652
-0.807016470923
-5.95088727041
-0.804661409402
-5.87768427085
-0.802753912239
-5.80572069499
-0.801251017844
-5.73488478431
-0.800102565277
-5.66504980797
-0.799255436771
-5.59610867459
-0.798658738647
-5.52800634568
-0.798268376716
-5.46072310971
-0.798039320879
-5.39425776298
-0.79792201664
-5.32862363196
-0.797863653356
-5.26384119462
-0.797813452499
-5.19993042242
-0.797727967498
-5.13690312317
-0.797576382214
-5.07476234507
-0.797334708158
-5.01350599334
-0.79697753384
-4.95312581847
-0.796478953586
-4.89360287935
-0.795813496361
-4.83489895579
-0.794957054585
-4.77693100536
-0.793887812957
-4.71959122139
-0.792584993422
-4.6627798402
-0.791025077202
-4.60643448751
-0.789182642185
-4.55052913886
-0.787031365374
-4.49504344253
-0.784545025349
-4.43996082748
-0.781698504717
-4.3852667272
-0.778468792575
-4.33094680352
-0.774835986963
-4.27698517042
-0.770784297318
-4.22336261787
-0.766303046935
-4.17005483563
-0.76138767542
-4.11702511597
-0.756038087665
-4.06421689991
-0.75025428367
-4.01156415149
-0.744036263436
-3.95900030412
-0.737386979716
-3.90646296937
-0.730315440791
-3.85389888817
-0.72283579322
-3.80126888407
-0.714966393028
-3.74855061789
-0.706727083515
-3.69572569523
-0.698126653227
-3.64277493157
-0.689163359638
-3.58967584401
-0.679828303891
-3.53640366829
-0.670108805538
-3.48293244482
-0.659991777279
-3.4292369112
-0.649467099703
-3.3752976722
-0.63853317988
-3.32110374676
-0.627205032888
-3.26665165215
-0.615508080333
-3.21194098582
-0.603468645212
-3.15697463527
-0.591112948947
-3.10175911174
-0.578466108928
-3.04630488367
-0.565551136059
-2.9906267104
-0.552387932302
-2.93474397571
-0.538992288218
-2.8786810214
-0.525374880512
-2.82246748091
-0.511540269579
-2.76614413401
-0.497488550527
-2.70976938765
-0.483219723354
-2.65341197448
-0.468736740817
-2.59714243027
-0.454048611193
-2.54102797235
-0.439169481044
-2.48512765731
-0.424117706393
-2.42948753876
-0.408914923905
-2.37413802351
-0.393586915434
-2.319106875
-0.378174292413
-2.26442234839
-0.36273011453
-2.21011334478
-0.347314657353
-2.15620956528
-0.331990179945
-2.10274166526
-0.316815692485
-2.04973996321
-0.301843907743
-1.99722899638
-0.287120715479
-1.94522624876
-0.272680041508
-1.8937454722
-0.258548209331
-1.84280086911
-0.244751440368
-1.79240746817
-0.231314852011
-1.74258149984
-0.218261455165
-1.69334077183
-0.205611151789
-1.64470506395
-0.193379732445
-1.59669697099
-0.18157787384
-1.54934252616
-0.170210136367
-1.50267716234
-0.159276615134
-1.45675229946
-0.14877731014
-1.41162916867
-0.138712221387
-1.36737299292
-0.129078396118
-1.32404768645
-0.119866826055
-1.28171003418
-0.111063364637
-1.24040386926
-0.102649655841
-1.20015644905
-0.094605856366
-1.16099047834
-0.0869231776659
-1.12292626429
-0.0796033622665
-1.08598089033
-0.0726553090251
-1.05016739017
-0.06609169839
-1.01549392175
-0.0599256176608
-0.981962941173
-0.0541671862483
-0.949571015619
-0.0488179970824
-0.918308872989
-0.0438630350871
-0.888163728402
-0.0392768786536
-0.859122416652
-0.0350332047861
-0.831170717677
-0.031105792063
-0.804292681813
-0.0274695230936
-0.778469955049
-0.0241013869738
-0.753681104275
-0.0209814817428
-0.729900923221
-0.0180940168389
-0.707099290279
-0.0154283155562
-0.685240245847
-0.0129798175008
-0.664275731808
-0.0107484275652
-0.644138704911
-0.00873414574937
-0.624749013349
-0.00693697205344
-0.606019510439
-0.00535690647735
-0.587862168296
-0.0039939490211
-0.570194191514
-0.0028480996847
-0.552958638203
-0.00191935846814
-0.536095099919
-0.00120593200682
-0.519544659188
-0.000692620358421
-0.503248751988
-0.000352269506529
-0.487151213925
-0.000150074920676
-0.471200594927
-4.78851163948e-05
-0.455352834547
-8.50521531248e-06
-0.439574400289
-5.05188779698e-10
-0.423842598847
0
-0.408143154376
0
-0.392466941628
0
-0.376806114108
-7.1054273576e-15
-0.361154039209
-7.1054273576e-15
-0.345505233564
-7.1054273576e-15
-0.329855298401
-7.1054273576e-15
-0.314200854893
-7.1054273576e-15
-0.298539479514
-7.1054273576e-15
-0.282869639391
0
-0.267190627657
-7.1054273576e-15
-0.251502498803
-7.1054273576e-15
-0.235806004032
-1.42108547152e-14
-0.220102526614
-1.42108547152e-14
-0.204394017237
-1.42108547152e-14
-0.188682929359
-1.42108547152e-14
-0.172918351101
0
-0.157032130893
0
-0.141072622729
0
-0.125119030444
7.1054273576e-15
-0.109228151539
0
-0.0934071592926
7.1054273576e-15
-0.0776569675326
7.1054273576e-15
-0.0619784900866
1.42108547152e-14
-0.0463726407826
2.13162820728e-14
-0.0308403334482
1.42108547152e-14
-0.0153824819114
0
0
0
