2
1000
-40.6896551724
-44.8275862069
-40.6896551724
-44.8272917118
-40.6896551724
-44.8265539832
-40.6896551724
-44.8253328199
-40.6896551724
-44.8235880205
-40.6896551724
-44.8212793836
-40.6896551724
-44.8183667079
-40.6896551724
-44.8148097921
-40.6896551724
-44.8105684349
-40.6896551724
-44.8056024349
-40.6896551724
-44.7998715907
-40.6896551724
-44.7933256922
-40.6896551724
-44.7849673672
-40.6896551724
-44.7780831059
-40.6896482505
-44.7703100946
-40.6895960609
-44.7615780226
-40.6894388444
-44.7518206234
-40.689109405
-44.7409706206
-40.6885470859
-44.7289546738
-40.6877117454
-44.7156883244
-40.686594913
-44.7010685605
-40.6851965887
-44.6849499611
-40.6835167725
-44.6671590506
-40.6815554644
-44.6475186766
-40.6793126644
-44.6258723894
-40.6767770488
-44.6021019988
-40.6738892552
-44.5761094769
-40.6705650455
-44.5478080658
-40.666725023
-44.5171159375
-40.6623243477
-44.4839498538
-40.6573606886
-44.448221989
-40.6518340457
-44.409844881
-40.645744419
-44.368731965
-40.6390918085
-44.3247977923
-40.6318762142
-44.2779582507
-40.624097636
-44.2281457273
-40.615756074
-44.1754824705
-40.6068515283
-44.1202556716
-40.5973839987
-44.0620924803
-40.5873595671
-44.00094618
-40.5767711876
-43.9366955306
-40.5655893
-43.8691733259
-40.5537831579
-43.7982287605
-40.5413384975
-43.7237835263
-40.5282328053
-43.6458135545
-40.5144149861
-43.564332677
-40.4998251014
-43.4794021912
-40.4843993782
-43.3911022171
-40.4680563466
-43.2995012223
-40.4506982839
-43.2046403665
-40.4322558372
-43.1065185999
-40.4127581091
-43.0051132465
-40.3922893374
-42.9003852718
-40.3709289192
-42.7922872729
-40.3487216941
-42.680777493
-40.3256699932
-42.5658304914
-40.3017738167
-42.4474317261
-40.2770331645
-42.3255763617
-40.2514480365
-42.2002908602
-40.2250037577
-42.0716160177
-40.1976471208
-41.9395900235
-40.1693026159
-41.8042416193
-40.1398900676
-41.6655940792
-40.109348872
-41.5236723617
-40.0776609403
-41.3785195206
-40.0448758032
-41.2302413148
-40.0110936484
-41.0789912942
-39.9764136787
-40.9249208884
-39.9408841217
-40.7681361372
-39.9044827271
-40.6087324542
-39.867173398
-40.4468351144
-39.8289543101
-40.2825894583
-39.7898821092
-40.1161455698
-39.7500382652
-39.9476472677
-39.7095318245
-39.777191492
-39.6685028262
-39.6048201615
-39.6270657681
-39.4304818521
-39.5853000472
-39.2541247826
-39.5432442014
-39.0757977411
-39.5008448944
-38.8956073936
-39.4580134228
-38.7136743674
-39.41465809
-38.5301186775
-39.3707068301
-38.3450489305
-39.3260824944
-38.1585503208
-39.2807234677
-37.9706925566
-39.2346217016
-37.7815337989
-39.1878206597
-37.5911306472
-39.1403987097
-37.3995508487
-39.0924172958
-37.2068909531
-39.0439407384
-37.0133109953
-38.995054218
-36.8190073677
-38.9457902019
-36.624150693
-38.8960912886
-36.4288232687
-38.8459545268
-36.2330182899
-38.7955208639
-36.0366112897
-38.7449459008
-35.8393603699
-38.6943551734
-35.6410556416
-38.6438372786
-35.4415948255
-38.5934899393
-35.2409363932
-38.5433825082
-35.0390972283
-38.4934194472
-34.8361328704
-38.4433791336
-34.6321965545
-38.3931045413
-34.4274804665
-38.3425570902
-34.2221203174
-38.2917901164
-34.0162038245
-38.2408923234
-33.8097902834
-38.1899554078
-33.6029174096
-38.13905059
-33.3956045003
-38.088229271
-33.1878222061
-38.0375396933
-32.9795182933
-37.9870239842
-32.7706571967
-37.9367116786
-32.5612473755
-37.8865782334
-32.3513212917
-37.8365848389
-32.1409054646
-37.7866777646
-31.929973602
-37.7368139633
-31.7184611883
-37.6870094956
-31.5063264639
-37.6373873374
-31.2935965512
-37.5880705088
-31.080346931
-37.5390986309
-30.8667177119
-37.490473528
-30.6529084826
-37.4421385543
-30.4390525371
-37.3939971913
-30.2251507427
-37.3458389916
-30.0111233423
-37.2974593045
-29.7969162341
-37.2488645611
-29.5826257207
-37.2001921463
-29.3683695416
-37.1515259911
-29.1541548931
-37.1029218051
-28.9399182167
-37.0544655326
-28.7255915757
-37.006203475
-28.5111306508
-36.9581287679
-28.2965221921
-36.9102358919
-28.0817709894
-36.8625677387
-27.8669118622
-36.8152018646
-27.6519883978
-36.7681894443
-27.4370273315
-36.7215347964
-27.2220205881
-36.6752642719
-27.0069446343
-36.6294116711
-26.7917854839
-36.5839371045
-26.5765461165
-36.5387692415
-26.3612465131
-36.4938971986
-26.1459158556
-36.4492895595
-25.9306122112
-36.4048464729
-25.7154736397
-36.3604722763
-25.5007260377
-36.3161052067
-25.2865514848
-36.2717381372
-25.0730359282
-36.2273861162
-24.8602245273
-36.1831618684
-24.6481157929
-36.1392558035
-24.4366789981
-36.0958350511
-24.2258206703
-36.0529772401
-24.0154400775
-36.010676111
-23.8054959255
-35.9688755255
-23.5959802116
-35.9274568399
-23.3868922071
-35.8863060939
-23.1782371014
-35.8453516376
-22.9700382026
-35.8045724573
-22.7623804605
-35.7639996803
-22.5553932954
-35.7236779188
-22.3492161799
-35.6836578133
-22.1439601449
-35.6440314329
-21.9396972329
-35.6048940217
-21.7364694268
-35.5663137082
-21.5342839646
-35.5283487761
-21.3331122044
-35.4910242838
-21.1328817289
-35.4542917186
-20.933494779
-35.418115662
-20.7348392801
-35.3825025892
-20.5367714123
-35.3474521249
-20.3391185586
-35.3129358248
-20.1418009025
-35.2789083394
-19.9448876194
-35.245408796
-19.7485850173
-35.212493128
-19.5532029416
-35.1800809151
-19.3590073817
-35.1480278655
-19.1661755315
-35.1162563501
-18.9748577221
-35.0847663267
-18.7852015729
-35.0535610253
-18.5973192131
-35.0227185406
-18.4112732012
-34.992385462
-18.2270751005
-34.9627238171
-18.0446810044
-34.9338201308
-17.8639681467
-34.9056378791
-17.684781169
-34.8780829413
-17.5069880145
-34.8510725518
-17.330519668
-34.8244925965
-17.1553598898
-34.798204647
-16.9815105808
-34.7721309978
-16.808981972
-34.7462771572
-16.6377940175
-34.7206719425
-16.4679934859
-34.6953413669
-16.299637606
-34.6702922831
-16.1327706432
-34.6455246913
-15.9673934994
-34.6210389667
-15.8034670647
-34.5968635535
-15.6409280639
-34.5730438014
-15.4797103814
-34.5495405831
-15.3197760575
-34.526297965
-15.1611049456
-34.5033299321
-15.0036684497
-34.480643391
-14.8474217326
-34.4582383419
-14.6923097053
-34.4361152556
-14.5382736527
-34.4143040724
-14.3852645762
-34.3928270561
-14.2332491334
-34.3716846361
-14.082209111
-34.3508611001
-13.932141496
-34.3303302859
-13.7830661007
-34.3100809635
-13.6350041592
-34.2901131331
-13.4879546797
-34.270409256
-13.3418934043
-34.2509436388
-13.1967848675
-34.2316962214
-13.0526021601
-34.2126111905
-12.9093342917
-34.1936081062
-12.7669889214
-34.1746010289
-12.625573822
-34.1554969012
-12.4850761896
-34.1362201727
-12.3454636492
-34.116711715
-12.2066953226
-34.0969605084
-12.0687252722
-34.0770170276
-11.9315064211
-34.0569548699
-11.794962265
-34.036842076
-11.6589277177
-34.0167223754
-11.5232107771
-33.9966026747
-11.3876749554
-33.9764829741
-11.2522160378
-33.9563484454
-11.1167441981
-33.9361568278
-10.9811934991
-33.9158169121
-10.8455264964
-33.8951961166
-10.7097345144
-33.8741540526
-10.5738364658
-33.8525758323
-10.4378866631
-33.830391274
-10.3019611984
-33.8075662754
-10.1661390503
-33.7840696941
-10.0304873422
-33.7599092752
-9.89504878229
-33.7351480539
-9.75984445616
-33.7098796108
-9.62487539448
-33.6842033269
-9.49012150975
-33.6581996391
-9.35553936932
-33.631912016
-9.22106937816
-33.6053586274
-9.08664588424
-33.5785521681
-8.95222027177
-33.5514954126
-8.81777838336
-33.5241463044
-8.68334178148
-33.4964076323
-8.54896009419
-33.4681627765
-8.41468863026
-33.4393028816
-8.28057866678
-33.4097449567
-8.14667308587
-33.3794437319
-8.01300960882
-33.3483610878
-7.87962969423
-33.3164733216
-7.74657764239
-33.2837828967
-7.61389424889
-33.2503102457
-7.48161493784
-33.2160832495
-7.34976419906
-33.1811259545
-7.21834930367
-33.1454475477
-7.08734642705
-33.1090454347
-6.95670881707
-33.071910538
-6.82638741075
-33.0340452211
-6.69634993938
-32.9954566289
-6.56658386697
-32.9561403264
-6.43709260306
-32.9160824864
-6.3078986654
-32.875262077
-6.17904684263
-32.8336609791
-6.05061050288
-32.791296056
-5.92271073896
-32.7482163318
-5.79551532342
-32.7044634931
-5.66920385263
-32.6600536907
-5.54393701164
-32.614953166
-5.41982869584
-32.5690907679
-5.29693873798
-32.5223782818
-5.175304135
-32.4747197164
-5.05495439038
-32.426019738
-4.93591698734
-32.3761921066
-4.81821673232
-32.3251828999
-4.70187612407
-32.2729813673
-4.58689862291
-32.2196027927
-4.47326604601
-32.1650729971
-4.36094567655
-32.109415101
-4.2499010712
-32.052637307
-4.14010285301
-31.9947347853
-4.03153855187
-31.9356938725
-3.92422662583
-31.8754971352
-3.81819525944
-31.8141094591
-3.71346952813
-31.7514656072
-3.61007760923
-31.6874806005
-3.50805106829
-31.6220610035
-3.40742392511
-31.5551128618
-3.30822639842
-31.4865361505
-3.21047192961
-31.4162187253
-3.11417006521
-31.34405402
-3.01932542132
-31.269961208
-2.9259370626
-31.19390538
-2.83399787822
-31.1159193238
-2.74348580011
-31.0360767522
-2.65436488704
-30.9544716466
-2.56659361167
-30.8712071105
-2.48013176548
-30.7863842228
-2.39494736362
-30.7000908908
-2.31102354978
-30.6123759141
-2.22836702334
-30.523235085
-2.14702590754
-30.4326278568
-2.0670776602
-30.3404968437
-1.98861551347
-30.2467881551
-1.91173616794
-30.1514714723
-1.83652752513
-30.054545979
-1.76305675987
-29.9560358957
-1.691354212
-29.8559820619
-1.62143265197
-29.7544362402
-1.55330455321
-29.6514596647
-1.48697930167
-29.5471224931
-1.42245918519
-29.4415032582
-1.35973538284
-29.334691667
-1.29878927572
-29.2267969608
-1.23959733269
-29.1179360257
-1.18210957396
-29.0082244439
-1.12626454358
-28.8977699583
-1.07201008172
-28.7866756544
-1.0193131263
-28.6750435656
-0.968176815386
-28.56297869
-0.918633829588
-28.4505847639
-0.870733775927
-28.3379604504
-0.824536474148
-28.2251955276
-0.780105243029
-28.1123668451
-0.737503849882
-27.9995425279
-0.696821312776
-27.8867928179
-0.658170610926
-27.7741941411
-0.621685120645
-27.661826273
-0.587501978655
-27.5497686686
-0.555744190966
-27.4380967932
-0.526502741757
-27.3268784027
-0.499819272997
-27.2161720181
-0.475705626706
-27.1060263942
-0.454162868682
-26.9964794601
-0.435187842329
-26.8875649015
-0.418773817967
-26.7793181352
-0.40491202553
-26.6717856305
-0.39359850864
-26.565041
-0.384856826826
-26.4591795306
-0.378733485811
-26.3543102482
-0.375289844304
-26.2505472401
-0.374590852457
-26.1479983133
-0.376688886414
-26.0467362783
-0.381624419349
-25.9468003457
-0.38943988624
-25.8482077629
-0.40017564971
-25.750965013
-0.413865357094
-25.6550790148
-0.430531297498
-25.5605683217
-0.450179758873
-25.4674745532
-0.472792721883
-25.3758656418
-0.498299018785
-25.2858147267
-0.526589536812
-25.1973675132
-0.557537103784
-25.1105492705
-0.591015938937
-25.0253736612
-0.626921108873
-24.9418516129
-0.665187983529
-24.8600083649
-0.705811121908
-24.7798802842
-0.748836671202
-24.7014986608
-0.794346875148
-24.6248950018
-0.842439759575
-24.5500975549
-0.8932161417
-24.4771275351
-0.946766976217
-24.4059900475
-1.0031563878
-24.3366394668
-1.06240500729
-24.2689879632
-1.12450283115
-24.2029230589
-1.18942017784
-24.1383228991
-1.25711382741
-24.0750728401
-1.32754233576
-24.0130805205
-1.4006754885
-23.9522511009
-1.47648214246
-23.8924983205
-1.5549288886
-23.8337587364
-1.63597923728
-23.7760059226
-1.71959280399
-23.7192317801
-1.80572341223
-23.6634207242
-1.89431004762
-23.6085457389
-1.98528080225
-23.5545822744
-2.0785497487
-23.5015376057
-2.1740268385
-23.4494405532
-2.27162998626
-23.3983293717
-2.37129505669
-23.3482395972
-2.47297170196
-23.2991838113
-2.57661823419
-23.2511608655
-2.68218123392
-23.2041823863
-2.78957398095
-23.1582506632
-2.89867993007
-23.1133367763
-3.00937047486
-23.0693922579
-3.12152527815
-23.0263630561
-3.23505157596
-22.984222271
-3.34988732961
-22.9429812442
-3.46600222188
-22.9026637203
-3.5834313667
-22.8632760821
-3.70225122809
-22.8248121608
-3.82250325615
-22.787235879
-3.94418264875
-22.7504953123
-4.06726447988
-22.7145233947
-4.19171277574
-22.6792358801
-4.31748967741
-22.6445275578
-4.44456389457
-22.6102707096
-4.57290876899
-22.5763346561
-4.70251464219
-22.5426062243
-4.83338519923
-22.5090212403
-4.96553092753
-22.4755563124
-5.09896256742
-22.4422148733
-5.23368261792
-22.4089894062
-5.36967503022
-22.3758395285
-5.50690541473
-22.3427032092
-5.64531170178
-22.3095159438
-5.78480794838
-22.2762053171
-5.92531161145
-22.2427117339
-6.06676020603
-22.2090089116
-6.20911811323
-22.1750927955
-6.352380242
-22.1409889046
-6.49655912979
-22.1067380899
-6.64166979209
-22.07237505
-6.78771673458
-22.0379372097
-6.93466313252
-22.0034798092
-7.08244871331
-21.9690647331
-7.23102122366
-21.9347851158
-7.38032328876
-21.9007313632
-7.53029252533
-21.8669697591
-7.68086857937
-21.8335225991
-7.83199903318
-21.8003832698
-7.98364352371
-21.7675567633
-8.13577290915
-21.7350451916
-8.28835473014
-21.7028338072
-8.44135483833
-21.6708669363
-8.59473929034
-21.6390636234
-8.74847449915
-21.6073390154
-8.90252967143
-21.5756368551
-9.05695226632
-21.5439346948
-9.21189451209
-21.5122324063
-9.36750777393
-21.4804711721
-9.52392263735
-21.4485542927
-9.68128814583
-21.4164400939
-9.83975657954
-21.3841827073
-9.9994633091
-21.3518499968
-10.1605092862
-21.3194706957
-10.3229370218
-21.2870118847
-10.4867082584
-21.2543778931
-10.6516776492
-21.2214446542
-10.8176333293
-21.1880776517
-10.9843984104
-21.1541670412
-11.1518954252
-21.119622628
-11.3201794403
-21.0843658059
-11.4894648421
-21.0483854272
-11.6599713764
-21.0117811039
-11.8317817161
-20.9746802086
-12.0049054557
-20.937203242
-12.179331406
-20.8994727315
-12.355069328
-20.8615987715
-12.5321712155
-20.8236638338
-12.7108087005
-20.7857114509
-12.8913134515
-20.747724552
-13.0737449188
-20.7096264327
-13.2580199901
-20.6713295286
-13.4439160789
-20.632767761
-13.6312168736
-20.5939834471
-13.8197613013
-20.5550732864
-14.0093763642
-20.5160789534
-14.1998832362
-20.4769463161
-14.391117479
-20.4376055529
-14.5829476295
-20.3980032831
-14.7753501071
-20.358125945
-14.9684826457
-20.3180090542
-15.1625423716
-20.2777110088
-15.3576244833
-20.2373033034
-15.5537616439
-20.1968468803
-15.7509326021
-20.1564141317
-15.9490367478
-20.1161219103
-16.1478457606
-20.0760602277
-16.3471438802
-20.0362242729
-16.546841822
-19.9965695281
-16.7469144432
-19.9570428194
-16.9473729515
-19.9175875131
-17.1482337727
-19.8781479791
-17.3494868729
-19.8386688545
-17.551010272
-19.7990523916
-17.7525408737
-19.7592252708
-17.9540063504
-19.7192278786
-18.155266243
-19.6791479075
-18.3562037987
-19.6391103818
-18.55675824
-19.5992458993
-18.7568827534
-19.5596477928
-18.9565948674
-19.5203311781
-19.1560005178
-19.4812960554
-19.3552015227
-19.4425424246
-19.5542183647
-19.4040767092
-19.7529828924
-19.365934425
-19.9513241679
-19.3281739701
-20.149128778
-19.2908672444
-20.3464241986
-19.254090269
-20.5432343517
-19.2179147488
-20.7394953711
-19.1824160307
-20.9350019486
-19.1476198741
-21.1295449945
-19.1134689625
-21.3230463879
-19.0799209245
-21.5155172263
-19.0469592761
-21.7070093641
-19.0145726998
-21.8975788205
-18.9827576815
-22.0872591035
-18.9515218779
-22.2759664237
-18.9208927197
-22.4634409881
-18.8909982206
-22.6496452017
-18.8620228863
-22.8346594898
-18.8340908124
-23.0187189604
-18.8072680778
-23.2020560189
-18.7815123651
-23.384807853
-18.756709577
-23.5670645926
-18.7327663805
-23.7488467581
-18.7096676597
-23.9300746059
-18.6874134147
-24.1106404318
-18.6660012456
-24.2904320955
-18.6453929743
-24.4692524713
-18.6254959166
-24.646942715
-18.6061837724
-24.8234830678
-18.5873206868
-24.9988960724
-18.5687853115
-25.1732334246
-18.5504803797
-25.3466058737
-18.5322828681
-25.519242502
-18.5141033574
-25.6913534905
-18.4959532721
-25.8630139046
-18.4778721379
-26.0342211376
-18.4599110164
-26.2049301407
-18.4421285145
-26.3750703671
-18.4245867943
-26.544573252
-18.4073527824
-26.7134648734
-18.3905373872
-26.8818973518
-18.3742141419
-27.0497604141
-18.3583426598
-27.2169185008
-18.3428353768
-27.3832378573
-18.3276260859
-27.5486016756
-18.3126960893
-27.7129194374
-18.2980157668
-27.8760575922
-18.2835311874
-28.0378093543
-18.2691772645
-28.1979843181
-18.254890911
-28.3565054306
-18.2406265943
-28.5134363213
-18.2263964461
-28.668992893
-18.2122576206
-28.8234770076
-18.1982780201
-28.9771527501
-18.1845215994
-29.1301516833
-18.1710336857
-29.282466901
-18.1578272639
-29.4340906937
-18.144902334
-29.5850184148
-18.13225347
-29.7352426539
-18.1198566725
-29.8847360757
-18.1076724158
-30.0334530603
-18.0956496383
-30.1813271978
-18.0837297331
-30.3282793171
-18.0718371061
-30.4742294032
-18.0598695907
-30.6191086386
-18.047667047
-30.7629003185
-18.0350663721
-30.9056106304
-18.0219774785
-31.0472239713
-18.0083564079
-31.1877096537
-17.9941766513
-31.3270605253
-17.9794361085
-31.465311345
-17.9641643997
-31.6025710945
-17.9484154558
-31.7390355732
-17.9322543636
-31.8748948288
-17.9157466098
-32.0102330466
-17.8989718815
-32.1450340826
-17.8820069701
-32.2792163684
-17.8649197916
-32.4125522468
-17.8477743011
-32.5447119215
-17.8306158256
-32.6754789455
-17.8134573501
-32.8047929948
-17.7962988747
-32.9326281211
-17.7791403992
-33.0589880869
-17.7619819237
-33.1839064782
-17.7448234482
-33.3074468413
-17.7276649728
-33.4297143084
-17.7105064973
-33.550859912
-17.6933480218
-33.6710596791
-17.6762029784
-33.7904904505
-17.659106607
-33.9093138141
-17.6421081044
-34.0276533925
-17.6252627728
-34.145595448
-17.6086241679
-34.2632196111
-17.592236248
-34.3805865226
-17.5761277199
-34.4977260632
-17.5603325015
-34.6146520642
-17.5449045238
-34.7313653456
-17.5299088734
-34.8478549305
-17.5154086373
-34.9640998206
-17.5014493483
-35.0800709578
-17.4880188748
-35.1957302253
-17.475059752
-35.3109286877
-17.4624951426
-35.425425753
-17.4502409058
-35.5390753763
-17.4382217481
-35.6518524726
-17.4263864071
-35.7637284787
-17.4146897634
-35.8746700575
-17.4030813252
-35.9846395898
-17.3915066982
-36.0935910421
-17.3799090544
-36.2014658122
-17.3682306021
-36.3081770853
-17.3564140551
-36.41360689
-17.3444175342
-36.5176259387
-17.3322244127
-36.6201162105
-17.3198368112
-36.7209824984
-17.3072657557
-36.8201695474
-17.294521702
-36.9176652872
-17.2816061044
-37.0134725899
-17.2685029848
-37.1076016542
-17.2551713933
-37.2000639976
-17.2415375171
-37.2908594763
-17.2275015108
-37.3799791437
-17.2129500719
-37.4674123535
-17.1977690165
-37.5531538636
-17.1818558548
-37.637210939
-17.1651323665
-37.7196104556
-17.1475349192
-37.8004966406
-17.1289982945
-37.88011801
-17.1094591744
-37.9586321984
-17.0888567404
-38.0360647743
-17.0671332725
-38.1124192634
-17.0442347484
-38.1876791151
-17.0201114419
-38.2618095145
-16.9947185226
-38.3347591699
-16.9680166547
-38.4064506124
-16.9399724615
-38.4767831944
-16.9105532906
-38.5456507744
-16.8797105588
-38.6129513012
-16.847370996
-38.6785930436
-16.8134442399
-38.7425070912
-16.7778337667
-38.8046461883
-16.7404474567
-38.8649613413
-16.7012071032
-38.9233957612
-16.6600566607
-38.979873947
-16.6169662023
-39.0343104805
-16.5719131721
-39.0866210518
-16.5248772519
-39.1367304715
-16.4758395278
-39.18458012
-16.4247816546
-39.2301353972
-16.371685022
-39.2733931724
-16.3165290005
-39.3143828672
-16.2592980683
-39.3531486352
-16.1999933867
-39.3897345396
-16.1386348814
-39.4241838206
-16.0752621318
-39.4565410255
-16.00993526
-39.4868541373
-15.9427357597
-39.5151766009
-15.8737586824
-39.5415566369
-15.8031040161
-39.5660325046
-15.7308728331
-39.5886489908
-15.6571635728
-39.6094611985
-15.5820740237
-39.6285236504
-15.5057012934
-39.6458793924
-15.4281390599
-39.6615488164
-15.349478158
-39.6755129842
-15.2698068006
-39.6877112133
-15.1892097554
-39.6980701407
-15.1077675321
-39.7065186094
-15.0255568308
-39.7130074151
-14.9426543772
-39.7175044891
-14.8591410422
-39.7199849872
-14.7751022062
-39.7204279054
-14.6906280889
-39.7188127648
-14.6058140804
-39.7151162946
-14.5207610708
-39.7093091164
-14.4355774123
-39.7013568036
-14.3503763137
-39.6912235833
-14.2652650278
-39.6788715688
-14.1803281447
-39.6642619935
-14.0956250008
-39.6473554975
-14.011190115
-39.6281122389
-13.9270336862
-39.6064921076
-13.8431507335
-39.5824676526
-13.7595310434
-39.5560310808
-13.6761644827
-39.5271915216
-13.5930520098
-39.4959722897
-13.5102146751
-39.4624081492
-13.4276896721
-39.4265442111
-13.3455212898
-39.3884350563
-13.2637568351
-39.3481475699
-13.1824429222
-39.3057576815
-13.1016228175
-39.2613504006
-13.0213350466
-39.2150273277
-12.9416132013
-39.166894756
-12.8624835935
-39.1170559186
-12.7839643258
-39.0656050534
-12.7060699221
-39.0126153377
-12.6288135945
-38.9581321166
-12.5522094644
-38.9021662108
-12.4762760128
-38.8446936026
-12.4010386551
-38.7856735663
-12.3265221768
-38.7250654341
-12.2527501628
-38.6628339598
-12.1797540862
-38.5989506617
-12.1075686147
-38.5333912443
-12.0362240158
-38.4661342989
-11.9657471942
-38.3971730461
-11.8961635374
-38.3265211521
-11.8274939916
-38.2542088089
-11.7597520025
-38.1802788141
-11.6929344621
-38.1047836272
-11.627013804
-38.0277861902
-11.5619445601
-37.9493553899
-11.497675084
-37.8695610106
-11.4341509697
-37.7884704756
-11.3713184679
-37.7061455893
-11.3091277047
-37.6226328991
-11.2475281887
-37.5379494357
-11.1864667764
-37.4520915747
-11.1258895978
-37.3650474662
-11.0657460637
-37.2768052075
-11.0059911054
-37.1873605503
-10.9465898097
-37.0967192475
-10.8875220998
-37.0048993198
-10.8287765326
-36.9119087294
-10.7703389632
-36.8177292413
-10.7122000906
-36.7223551246
-10.6543593027
-36.6258158868
-10.5968014555
-36.5281475967
-10.539512775
-36.4293907402
-10.4824989524
-36.3295891249
-10.4257946071
-36.2287757429
-10.3694715216
-36.1269647728
-10.3136145936
-36.0241687697
-10.2582973111
-35.9204054733
-10.2035761148
-35.8156921388
-10.1494957288
-35.7100344679
-10.0960979541
-35.6034193207
-10.0434219645
-35.4958097793
-9.99150460081
-35.3871402124
-9.94018770928
-35.2771165292
-9.88941599848
-35.1655244316
-9.83922808758
-35.0522815656
-9.78967124199
-34.9373525791
-9.74079898092
-34.8207380012
-9.69266312657
-34.7024692515
-9.6453082158
-34.5825983564
-9.59876595832
-34.4611894949
-9.55304969475
-34.3383322902
-9.50815850981
-34.2141570847
-9.46408664238
-34.0888206161
-9.42082054828
-33.9624518966
-9.37833999251
-33.8351162515
-9.33664582962
-33.7068364229
-9.29574826434
-33.5775656956
-9.25565279965
-33.4472109221
-9.21634614925
-33.3156962975
-9.17774200776
-33.1829881777
-9.13969733608
-33.0490581078
-9.10207928181
-32.9138668063
-9.06481437081
-32.777355885
-9.0278984059
-32.6394451077
-8.99133647443
-32.5000483247
-8.95513786966
-32.3591045015
-8.91930948231
-32.2166050189
-8.88402459914
-32.072788482
-8.84933579802
-31.9278324949
-8.81519981426
-31.7818030333
-8.78157081353
-31.6347387258
-8.74840680355
-31.4866587531
-8.71566761921
-31.3375775746
-8.68329698334
-31.1875249886
-8.65122133437
-31.0365468322
-8.61935881819
-30.8847017371
-8.58763357665
-30.7320514781
-8.55597928271
-30.5786184009
-8.52435517256
-30.4243598108
-8.49277243254
-30.2691416491
-8.46126434031
-30.1127075316
-8.42986473172
-29.955045953
-8.39858879869
-29.7962256889
-8.36741434346
-29.6363207256
-8.33634064834
-29.475359599
-8.30541435925
-29.3133314533
-8.27468661941
-29.1501930276
-8.2441341166
-28.9858815304
-8.21360381531
-28.8203498086
-8.18293664217
-28.6535992423
-8.15202219623
-28.485686938
-8.12096388791
-28.3169000961
-8.08979621248
-28.1474557374
-8.05848349225
-27.9774494854
-8.02699255934
-27.8069333795
-7.99528114799
-27.6359180491
-7.96326910816
-27.4643706232
-7.93085649762
-27.2922238226
-7.89799067175
-27.1193962285
-7.86470118186
-26.9458053991
-7.83103654867
-26.7713535993
-7.79703878496
-26.5959379239
-7.76273958377
-26.4195014992
-7.72814400939
-26.2420677242
-7.69320387811
-26.0637744379
-7.6578069147
-25.884922569
-7.62176730457
-25.7056233537
-7.5849187254
-25.5259275901
-7.54721988079
-25.3458481774
-7.50871040607
-25.1653970606
-7.46944171436
-24.9846104478
-7.42942817541
-24.8035633997
-7.38866119359
-24.6223821195
-7.34719345503
-24.4412118583
-7.30503795979
-24.2601455537
-7.26214816422
-24.0791907948
-7.21835194439
-23.8981167557
-7.17365655106
-23.7167891095
-7.12816775439
-23.5352093997
-7.0819963243
-23.353406536
-7.03525338718
-23.1714023886
-6.98807318902
-22.9891400367
-6.94061273681
-22.8063999363
-6.89298803143
-22.6231061147
-6.84522100485
-22.4392139857
-6.79729698601
-22.2547036894
-6.74917952452
-22.0695762991
-6.70081430241
-21.8838488279
-6.65212973757
-21.6976020552
-6.60302819416
-21.5110267585
-6.55345196067
-21.324117118
-6.50344067441
-21.1368727499
-6.45303846343
-20.9493199628
-6.40220383731
-20.7615024662
-6.35084111385
-20.5734775954
-6.29885642914
-20.385313885
-6.24624723028
-20.1970856434
-6.19316563811
-20.0088367555
-6.13978395552
-19.8205472563
-6.08626850675
-19.6321845016
-6.03278166568
-19.4437596112
-5.9793962481
-19.2552969562
-5.92610168974
-19.0667956255
-5.87288013759
-18.8782335172
-5.81972255331
-18.6895859224
-5.76666165514
-18.5008483876
-5.71370508287
-18.3120466141
-5.66066512324
-18.1232522689
-5.60739087315
-17.9344789041
-5.55377262127
-17.745708511
-5.49974758548
-17.5569142491
-5.44528420743
-17.3680774498
-5.39037046885
-17.179193833
-5.33501841991
-16.9902233029
-5.27931890181
-16.801051939
-5.22345264922
-16.6117694052
-5.16759513641
-16.422421625
-5.11187663595
-16.2328789854
-5.05641014823
-16.0429329466
-5.00129364948
-15.8524627842
-4.94659908211
-15.6614410169
-4.89233207522
-15.4698627418
-4.83839831904
-15.2777613906
-4.78472769618
-15.0852458268
-4.73130404801
-14.8924498781
-4.67806273249
-14.699430377
-4.62480252678
-14.5059919431
-4.57135222302
-14.3119573279
-4.51760312507
-14.1173052127
-4.46344382386
-13.9220922231
-4.40873810538
-13.7265106554
-4.35339240763
-13.5309952712
-4.2975243146
-13.3359350036
-4.24126071688
-13.1415468555
-4.18474585958
-12.9479662832
-4.12812379979
-12.7551273379
-4.07153446854
-12.5625896254
-4.0151088155
-12.3703462736
-3.95897297765
-12.1784396188
-3.90318585602
-11.9868940341
-3.84768322314
-11.7956856046
-3.79237244891
-11.6048054881
-3.73720180388
-11.4143921065
-3.68213691124
-11.2246383706
-3.62714635103
-11.0356519125
-3.5721975847
-10.8474595165
-3.51725175611
-10.6600851529
-3.46226944414
-10.4735715011
-3.40717705936
-10.2879425765
-3.35188757902
-10.1031887191
-3.29636655819
-9.9193057064
-3.24069692385
-9.73645490628
-3.18479940674
-9.55453726653
-3.12869339558
-9.37344578217
-3.07243459002
-9.19310983598
-3.01612396728
-9.01345369231
-2.96001447594
-8.83437635566
-2.90424748333
-8.65583672645
-2.84890547435
-8.47783352583
-2.79402033782
-8.30039425745
-2.73958681181
-8.12368684227
-2.68558170799
-7.94819693433
-2.63197343193
-7.77393521445
-2.57870957564
-7.60084056722
-2.52573030101
-7.42885540869
-2.47298521736
-7.25798961935
-2.42042268691
-7.0884146201
-2.36799037178
-6.92037642728
-2.3156365146
-6.75402633001
-2.26332482823
-6.58938423208
-2.21104700211
-6.42640065815
-2.15882639614
-6.26496864392
-2.10670258407
-6.10493666803
-2.05473068313
-5.94617455304
-2.00298385044
-5.78864330593
-1.9516327664
-5.63255039317
-1.90084511274
-5.47811151248
-1.85085310419
-5.32561977165
-1.80171590434
-5.17518578884
-1.7534426528
-5.02679690651
-1.70598386749
-4.88032227576
-1.65912511975
-4.73550208043
-1.61273982964
-4.59221510892
-1.56672164501
-4.45040808128
-1.52098506399
-4.31022538843
-1.47546785109
-4.17218771914
-1.43013058231
-4.03638734907
-1.38497126949
-3.90286292274
-1.34002212172
-3.77161101347
-1.29534598856
-3.64258434168
-1.2510324318
-3.51568734224
-1.20717590761
-3.39069359055
-1.16385872713
-3.26733633812
-1.12115016127
-3.1454562437
-1.07910244221
-3.02500482643
-1.03775121144
-2.90597573473
-0.997119949278
-2.78839074127
-0.957224404448
-2.67228573807
-0.918077023587
-2.5576967315
-0.87969108775
-2.44464531478
-0.842019651582
-2.33301818694
-0.805178583822
-2.22299619961
-0.769187537156
-2.11478287606
-0.734030633231
-2.00854548846
-0.699698732437
-1.90444577869
-0.666188418448
-1.80263031645
-0.633500982764
-1.70322085741
-0.601641409253
-1.6063047013
-0.570617369266
-1.51192504354
-0.540443588835
-1.41995317935
-0.511138563741
-1.32990666701
-0.482719496981
-1.24174283729
-0.455188756385
-1.15547261136
-0.428538195194
-1.07113754072
-0.40275379083
-0.988800188731
-0.377820283681
-0.908534512125
-0.353725815872
-0.83041624247
-0.330466238706
-0.7545153086
-0.308047326725
-0.680916034849
-0.286483420693
-0.609716888899
-0.265792784372
-0.541020141851
-0.245992961297
-0.474921528291
-0.227096131554
-0.411499906362
-0.209104468556
-0.350806917834
-0.192005527403
-0.292856670361
-0.175760939322
-0.237602749407
-0.16020116352
-0.184756006489
-0.145322736054
-0.134155821419
-0.131164596125
-0.0857107808803
-0.11776313884
-0.0393545098077
-0.105150553219
0.00495813450587
-0.0933531602001
0.0472548683009
-0.0823897506419
0.0875497872441
-0.07226991276
0.125847165819
-0.0629878732897
0.162139763928
-0.0545260299251
0.196404551124
-0.0468578697261
0.228605767474
-0.0399499940503
0.258698396384
-0.0337641434841
0.286631637441
-0.0282592227749
0.312352379247
-0.0233933257626
0.336477390757
-0.0191257603113
0.358837021061
-0.0154190561041
0.379277937748
-0.0122354972296
0.397687575102
-0.00953428846962
0.414021142855
-0.00727288206294
0.428316741468
-0.00540830446942
0.440628669129
-0.00389848313375
0.451004803851
-0.00270357324943
0.459484009473
-0.00178725293843
0.466093563862
-0.00111292270116
0.470850812232
-0.00064154114262
0.473765859191
-0.00033328696798
0.474842033357
-0.00014922097828
0.474076351954
-5.29480660276e-05
0.471459985429
-1.22792108783e-05
0.466978722052
-8.93475252894e-07
0.460613432523
1.42108547152e-14
0.452340534582
1.42108547152e-14
0.442132457613
2.13162820728e-14
0.429958959945
2.13162820728e-14
0.415790421243
2.13162820728e-14
0.399597201
2.84217094304e-14
0.381348585061
3.5527136788e-14
0.36101173213
2.13162820728e-14
0.347870953859
2.84217094304e-14
0.331113282069
3.5527136788e-14
0.311763871298
3.5527136788e-14
0.290115086658
3.5527136788e-14
0.265899053483
2.84217094304e-14
0.238824059128
2.13162820728e-14
0.208598390946
1.42108547152e-14
0.17493033629
7.1054273576e-15
0.137528182514
7.1054273576e-15
0.0961002169718
7.1054273576e-15
0.0503547270159
0
0
