2
1000
-17.2473560092
-20.3614619553
-17.2473560092
-20.3612995818
-17.2473560092
-20.3608993993
-17.2473560092
-20.3602471304
-17.2473560092
-20.3593284976
-17.2473560092
-20.3581292236
-17.2473560092
-20.3566350307
-17.2473560092
-20.3548316416
-17.2473560092
-20.3527047787
-17.2473560092
-20.3502401647
-17.2473560092
-20.3474235221
-17.2473560092
-20.3442405733
-17.2473560092
-20.3406770409
-17.2473560092
-20.337910453
-17.2473560092
-20.3349613746
-17.2473560092
-20.3318280735
-17.2473560092
-20.3284995714
-17.2473560092
-20.3249482728
-17.2473560092
-20.3211330673
-17.2473560092
-20.3170024332
-17.2473560092
-20.3124975403
-17.2473560092
-20.3075553529
-17.2473560092
-20.3021117331
-17.2473560092
-20.2961045433
-17.2473560092
-20.2894767499
-17.2473560092
-20.2821795258
-17.2473560092
-20.2741719742
-17.2473560092
-20.2654159823
-17.2473560092
-20.2558753618
-17.2473560092
-20.2455150946
-17.2473560092
-20.2343005791
-17.2473560092
-20.2221968756
-17.2473560092
-20.2091679528
-17.2473560092
-20.1951759332
-17.2473560092
-20.1801811211
-17.2473560092
-20.1641426931
-17.2473560092
-20.1470188187
-17.2473560092
-20.1287667799
-17.2473560092
-20.1092721769
-17.2473560092
-20.0884856108
-17.2473560092
-20.0663571547
-17.2473560092
-20.0428474429
-17.2473560092
-20.0179339939
-17.2473560092
-19.9916061642
-17.2473560092
-19.963860101
-17.2473560092
-19.9346936961
-17.2473560092
-19.9040994006
-17.2473560092
-19.8720505808
-17.2473560092
-19.8385115331
-17.2473560092
-19.8034514538
-17.2473560092
-19.7668541818
-17.2473560092
-19.7287103463
-17.2473560092
-19.6890155247
-17.2473560092
-19.64776488
-17.2473560092
-19.604947692
-17.2473560092
-19.5605418888
-17.2473560092
-19.5145055836
-17.2473560092
-19.4667739058
-17.2473560092
-19.4172715447
-17.2473560092
-19.3659250119
-17.2473560092
-19.3126742405
-17.2473560092
-19.2574773151
-17.2473560092
-19.2003010631
-17.2473560092
-19.1411133086
-17.2473560092
-19.0798750869
-17.2473560092
-19.0165393249
-17.2473560092
-18.9510682847
-17.2473560092
-18.8834538295
-17.2473560092
-18.8137276647
-17.2473560092
-18.7419475157
-17.2473560092
-18.6681879469
-17.2473560092
-18.5925334571
-17.2473560092
-18.5150780335
-17.2473560092
-18.4359017657
-17.2473560092
-18.3550521414
-17.2473560092
-18.2725386159
-17.2473560092
-18.1883527449
-17.2473560092
-18.1024698489
-17.2473560092
-18.0148571876
-17.2473560092
-17.9254890545
-17.2473560092
-17.8343618703
-17.2473560092
-17.7415108264
-17.2473560092
-17.6470092344
-17.2473560092
-17.5509522082
-17.2473560092
-17.4534403048
-17.2473560092
-17.3545637352
-17.2473560092
-17.254399093
-17.2473560092
-17.1530209272
-17.2473560092
-17.0505053177
-17.2473560092
-16.946933334
-17.2473560092
-16.8423864459
-17.2473560092
-16.7369214123
-17.2473560092
-16.6305560274
-17.2473560092
-16.5232750049
-17.2473560092
-16.4150598052
-17.2473560092
-16.3059076533
-17.2473560092
-16.195843611
-17.2473560092
-16.084907812
-17.2473560092
-15.9731380219
-17.2473560092
-15.8605416369
-17.2473560092
-15.7470837078
-17.2473560092
-15.6327125749
-17.2473560092
-15.5174049395
-17.2473560092
-15.4011762095
-17.2473560092
-15.2840618533
-17.2473560092
-15.1661161684
-17.2473560092
-15.0474090782
-17.2473560092
-14.9280189131
-17.2473560092
-14.80801861
-17.2473560092
-14.6874612808
-17.2473560092
-14.5663734634
-17.2473560092
-14.444764734
-17.2473560092
-14.3226385737
-17.2473560092
-14.2000096159
-17.2473560092
-14.076923157
-17.2473560092
-13.9534454543
-17.2473560092
-13.8296400325
-17.2473560092
-13.7055439805
-17.2473560092
-13.5811574018
-17.2473560092
-13.4564371201
-17.2473560092
-13.3313086741
-17.2473560092
-13.2056853568
-17.2473560092
-13.0795108224
-17.2473560092
-12.952783828
-17.2473560092
-12.825571283
-17.2473560092
-12.6979973769
-17.2473560092
-12.5702033169
-17.2473560092
-12.4423019009
-17.2473560092
-12.3143694069
-17.2473560092
-12.1864621368
-17.2473560092
-12.0586064957
-17.2473560092
-11.9307918792
-17.2473560092
-11.802982704
-17.2473560092
-11.6751358559
-17.2473560092
-11.54722003
-17.2473560092
-11.4192322841
-17.2473560092
-11.2911793488
-17.2473560092
-11.1630601754
-17.2473560092
-11.0348484485
-17.2473560092
-10.9064547536
-17.2473560092
-10.7777516835
-17.2473560092
-10.6486477289
-17.2473560092
-10.5191362117
-17.2473560092
-10.3892603639
-17.2473560092
-10.2590846649
-17.2473560092
-10.1286762597
-17.2473560092
-9.99808731962
-17.247334253
-9.86734723234
-17.2472364115
-9.73648745379
-17.2469998446
-9.60556724808
-17.2465779287
-9.4746549151
-17.2459604646
-9.34379276791
-17.2451474521
-9.21299151354
-17.2441388915
-9.08225049081
-17.2429347825
-8.95156360715
-17.2415351253
-8.82092971597
-17.2399399199
-8.69035078774
-17.2381491662
-8.55983003156
-17.2361628643
-8.42937136735
-17.2339810141
-8.29897581301
-17.2316036156
-8.16862718366
-17.2290306689
-8.03830331199
-17.2262621739
-7.90798629197
-17.2232981307
-7.77767338164
-17.2201385393
-7.64741200329
-17.2167833995
-7.51729074564
-17.2132327116
-7.38739081325
-17.2094864753
-7.25775324536
-17.2055446908
-7.12839760987
-17.2014073581
-6.99932541674
-17.1970744771
-6.87052755879
-17.1925149753
-6.74198306768
-17.1876552301
-6.61364202138
-17.182482136
-6.48542910481
-17.1770566708
-6.3572637227
-17.1714254581
-6.22909717708
-17.1655986971
-6.10092120757
-17.1595763879
-5.97273307585
-17.1533585305
-5.84433003753
-17.1469451248
-5.71537802515
-17.1403361708
-5.58583218578
-17.1335316686
-5.45568707863
-17.1265316181
-5.32495694908
-17.1193360194
-5.19365405247
-17.1119448725
-5.06178164772
-17.1043581772
-4.9293621294
-17.0965759337
-4.79643756191
-17.088598142
-4.66306797811
-17.080424802
-4.52934724527
-17.0720559138
-4.39538571633
-17.0634914773
-4.26126412606
-17.0547314925
-4.12699437664
-17.0457759595
-3.99254002003
-17.0366248782
-3.85784010913
-17.0272782487
-3.72283359217
-17.017736071
-3.58747121949
-17.0080511737
-3.45170922494
-16.9983732648
-3.31551067204
-16.988832419
-3.17884114227
-16.9794769222
-3.04166056875
-16.9703169737
-2.90392393282
-16.9613525734
-2.76560222759
-16.9525837214
-2.62671381942
-16.9440104176
-2.48748799781
-16.9356326621
-2.3482694991
-16.9274504548
-2.20909813916
-16.9194637958
-2.06997274384
-16.911672685
-1.93088011103
-16.9040771225
-1.79182624278
-16.8966771083
-1.65285425784
-16.8894726423
-1.51401992619
-16.8824637245
-1.37536901173
-16.8756503551
-1.23691353241
-16.8690325338
-1.09859235722
-16.8626102608
-0.960260838126
-16.8563835361
-0.821745691614
-16.8503523597
-0.682953378247
-16.8445167314
-0.543858472925
-16.8388766515
-0.404495574472
-16.8334321198
-0.264940275005
-16.8282142088
-0.125284289996
-16.8232965413
0.0143538932662
-16.8186922228
0.153848635398
-16.8143402753
0.293114857699
-16.8101940753
0.432129192106
-16.8062434235
0.570904449465
-16.80248832
0.709438659908
-16.7989287647
0.847537211326
-16.7955647577
0.984888347085
-16.792396299
1.12147676556
-16.7894233885
1.25735065803
-16.7866460263
1.39261686586
-16.7840642123
1.52736138261
-16.7816779466
1.66163472586
-16.7794872291
1.79550021668
-16.7774920599
1.92903786502
-16.7756924389
2.06233416521
-16.7740676018
2.19546673713
-16.7725677809
2.32847919929
-16.7711340529
2.4613587394
-16.7697181883
2.59403545872
-16.7683023237
2.72643688005
-16.7668864592
2.85848713288
-16.7654705946
2.99011640736
-16.76405473
3.12126747162
-16.7626077929
3.25189291908
-16.7610323065
3.38196709003
-16.7592173303
3.51147915827
-16.7570898066
3.64042078191
-16.754588198
3.7687832046
-16.7516954929
3.89657121444
-16.7484116912
4.02384478068
-16.7447367931
4.15087112116
-16.7406707984
4.27801748832
-16.7362068236
4.4053178192
-16.7313073172
4.53271290078
-16.725917459
4.6600768565
-16.7199828852
4.78731754186
-16.7134674126
4.91441468075
-16.7063652954
5.04141710896
-16.6986765333
5.16849571906
-16.6904011265
5.2957767482
-16.6815598393
5.42325088391
-16.6722024395
5.55084066296
-16.6623878502
5.67841862751
-16.652164301
5.80588311986
-16.6415496553
5.93316932999
-16.630543913
6.06024453228
-16.6191470743
6.18711271854
-16.607359139
6.31380809626
-16.5951801073
6.44039507093
-16.5825960042
6.5669565361
-16.5695910974
6.69356956958
-16.5561665267
6.82028228686
-16.5423377526
6.94710925596
-16.528117882
7.07405445507
-16.5135069149
7.20111278954
-16.4985048513
7.32827207649
-16.4831116912
7.4555177734
-16.4673343183
7.58281892312
-16.4512102839
7.71011567983
-16.4347878537
7.83736691232
-16.4180921062
7.96455936778
-16.401114621
8.09166928198
-16.3838102575
8.21861482817
-16.3661308795
8.34518479729
-16.3480552645
8.47119025319
-16.3295839221
8.59655557208
-16.310725769
8.72126821193
-16.291487105
8.84537696552
-16.2718607649
8.96893555532
-16.2518433284
9.09200328516
-16.2314347953
9.21464928234
-16.2106351657
9.33693538241
-16.1894444396
9.4588978187
-16.1678647148
9.58053977531
-16.1459524208
9.70183632492
-16.1238130329
9.82274187908
-16.1015357131
9.94320412095
-16.0791327315
10.0631768853
-16.0565582709
10.1826107663
-16.03377007
10.3014620871
-16.0107195662
10.4197186097
-15.9873628687
10.5374103099
-15.9636935119
10.6546212161
-15.9397380253
10.771480015
-15.9155516158
10.8880775646
-15.891199752
11.0044388973
-15.8667327833
11.1205184375
-15.8422015964
11.2361435245
-15.8176543275
11.3511765111
-15.7931108859
11.4656015098
-15.7685512548
11.5794365189
-15.7439303557
11.6927121115
-15.7191977219
11.8054520507
-15.6943169958
11.9176590144
-15.6692573694
12.0293249799
-15.6440025573
12.1404389872
-15.618552197
12.2509899776
-15.5929062884
12.3609673918
-15.5670788063
12.4703655049
-15.5410886326
12.5791862318
-15.5149597859
12.6874429792
-15.4887111725
12.7951646493
-15.4623499156
12.902396906
-15.4358808306
13.0091902772
-15.4092957449
13.115582006
-15.3825960528
13.2215709338
-15.3557869612
13.3271117164
-15.3288371869
13.4321341445
-15.3016891282
13.5365717677
-15.2742859751
13.6403862627
-15.2465989493
13.7435740747
-15.2186365706
13.846194567
-15.1904125208
13.9484307585
-15.1619352299
14.0504364628
-15.1332207641
14.1522598766
-15.104301337
14.2539289869
-15.0752130934
14.3554654803
-15.0459735712
14.4568981908
-15.0165682416
14.5582675776
-14.9869646969
14.6596104511
-14.9571120716
14.7609562702
-14.926947712
14.8623269405
-14.8964173867
14.9637388384
-14.8654667217
15.0652025023
-14.8340296658
15.1667286038
-14.8020520674
15.2683221033
-14.7695225159
15.36996926
-14.7364917775
15.471626948
-14.7030168246
15.5732310369
-14.6691585683
15.6746965485
-14.6349600753
15.7759312769
-14.6004299402
15.8768512109
-14.5655498473
15.9773848072
-14.5302709813
16.0774816745
-14.4945236643
16.1771081139
-14.4582351108
16.2762547452
-14.4213311727
16.3749482273
-14.3837414405
16.4732395734
-14.3454032158
16.571186699
-14.3062648093
16.6688363008
-14.266290362
16.7662040754
-14.2254597685
16.8632544204
-14.1837682599
16.9599224276
-14.141225522
17.0561341328
-14.0978316642
17.1518078253
-14.0535786249
17.2468575222
-14.0084685374
17.3411986835
-13.9625124731
17.4347881498
-13.9157160362
17.5276571251
-13.868057262
17.6198680084
-13.8194969359
17.7114760072
-13.769998753
17.8024937337
-13.7195231146
17.8928820091
-13.6680088694
17.9826016423
-13.6153677091
18.0716430927
-13.5615095649
18.1600317954
-13.5063791908
18.2478118779
-13.4499732079
18.3350299172
-13.3923293747
18.4217141669
-13.3334910751
18.5078731751
-13.2734916171
18.5934855443
-13.2123546344
18.6784926054
-13.1500927355
18.7628165189
-13.0867072551
18.846378629
-13.0221790105
18.9291115477
-12.9564787095
19.0109729113
-12.8895877759
19.0919581844
-12.8215161526
19.1720736585
-12.752300659
19.2513211872
-12.6819989428
19.3297064922
-12.6106728501
19.4072453359
-12.538358256
19.483967469
-12.4650554968
19.5598862258
-12.3907405007
19.6349632488
-12.3153773134
19.7091386404
-12.238921643
19.7823675769
-12.1613186095
19.8546564729
-12.0825268569
19.9260729384
-12.0025517836
19.9966961351
-11.9214495075
20.0666062472
-11.8393151382
20.135875593
-11.7562473106
20.2045631154
-11.6723208121
20.2727040863
-11.5875848433
20.3403056804
-11.5020710777
20.4073386262
-11.4158124649
20.4737398915
-11.3288439857
20.5394249364
-11.2411995075
20.604304407
-11.1529058895
20.6683013675
-11.0639642516
20.7313817264
-10.9742560112
20.7937256136
-10.8836438093
20.855559395
-10.792094005
20.916955391
-10.6996034307
20.9779711165
-10.606176814
21.0386648104
-10.5118156913
21.0990893295
-10.4165119656
21.1592486787
-10.3202688618
21.2190815985
-10.2231067215
21.2785012721
-10.1250559132
21.3374177695
-10.0261504334
21.3957590405
-9.92642580622
21.4534812514
-9.82591068108
21.5105371095
-9.7246097563
21.5668908289
-9.62252645476
21.6225054671
-9.51964074407
21.6773601852
-9.41589730145
21.7314555489
-9.31123148963
21.7848140438
-9.20559639354
21.8374783124
-9.09897552191
21.889513864
-8.9913700319
21.9410147815
-8.88279903633
21.9920901613
-8.77329869279
22.0428490173
-8.66291471965
22.0933877243
-8.55169711011
22.1437714857
-8.4397457494
22.1939023165
-8.32715474372
22.2436285488
-8.21394626878
22.2928954926
-8.1001191927
22.3416665922
-7.98567298429
22.3899037404
-7.87062258506
22.4375647713
-7.755008592
22.484637434
-7.63888800856
22.5311485024
-7.52232320525
22.5771318155
-7.40537533306
22.6226141091
-7.28809773696
22.667600846
-7.17052507152
22.7120727055
-7.05266349912
22.7560239315
-6.93449555308
22.7994425876
-6.8159674496
22.842310771
-6.6970298316
22.8845914289
-6.57767859542
22.9262409539
-6.45793970157
22.9672485457
-6.33783619244
23.007647006
-6.21735900601
23.0474953622
-6.09646285779
23.0868587322
-5.97506312825
23.1258249979
-5.85307005773
23.1644879248
-5.7304559637
23.202876151
-5.60736816888
23.2408130856
-5.48404862612
23.2780597564
-5.36064093759
23.3145593544
-5.23719493282
23.3503449515
-5.1137124249
23.3854531031
-4.99016213586
23.4199219166
-4.86650088731
23.453793242
-4.74267733822
23.4870941144
-4.61863117522
23.5198360789
-4.49430995532
23.552027782
-4.36968824679
23.5836874295
-4.24477629316
23.6148552455
-4.11964196072
23.645588686
-3.99441381597
23.6759366195
-3.86923095273
23.7059454045
-3.74421957222
23.7356379622
-3.61943986485
23.7650099846
-3.49489843884
23.7940363706
-3.37061219288
23.8226556919
-3.24659524555
23.8507808774
-3.12286589673
23.8783185963
-2.99945291378
23.9051782083
-2.87640711732
23.931247874
-2.75378496329
23.9564055324
-2.63161653743
23.9805784306
-2.50984166365
24.0038412412
-2.38836680325
24.0263046791
-2.26713881104
24.0479859239
-2.14609826321
24.0688849757
-2.02519037392
24.0890018345
-1.90438991492
24.1083365003
-1.78368842654
24.1268892889
-1.66307976368
24.1446827792
-1.54254939751
24.1617638132
-1.42205927918
24.1781874251
-1.30153043234
24.1940007685
-1.18085210469
24.2092270451
-1.05992325581
24.2238666769
-0.938671828924
24.2379196639
-0.817075688209
24.2513873456
-0.6951439066
24.2642953302
-0.572927829039
24.2766902036
-0.450486469185
24.2886027286
-0.327840463192
24.3000351871
-0.205012432629
24.310964931
-0.0820470766672
24.3213645286
0.0409768143663
24.3311859635
0.163969478548
24.3403791894
0.286875283015
24.3489516228
0.409694585855
24.3569550854
0.532506743061
24.3644868694
0.65540565758
24.3716231184
0.778439538974
24.3783682709
0.901690399925
24.3847223268
1.02522252742
24.3906852863
1.14900548967
24.3962525643
1.27297387671
24.4013858418
1.39705037161
24.406026095
1.52115587669
24.4101157863
1.64522192774
24.4136210561
1.76918034476
24.4165396811
1.89295528843
24.4188716613
2.01651594394
24.4206169968
2.13988394052
24.4217756875
2.26309466132
24.4223477334
2.3861401351
24.4223331346
2.50899695119
24.4217154021
2.6317103859
24.4204404349
2.75436238529
24.4184697242
2.87703797026
24.4158083077
2.999837319
24.4124702769
3.12291976393
24.4084806128
3.24655566203
24.4038281628
3.37117063304
24.3983939378
3.49682891752
24.3921775197
3.62352875838
24.3851789086
3.75120979086
24.3773981046
3.87974636202
24.3688351075
4.00891586175
24.3594899174
4.13851401373
24.3493600036
4.26845450275
24.3384298023
4.39870238412
24.3267028116
4.52923059624
24.3141951421
4.65999756999
24.3009199045
4.79092256711
24.2868715974
4.9218928828
24.2720224649
5.05282505435
24.2563469245
5.18367272063
24.2398215462
5.31441216705
24.2224232924
5.4450421046
24.2041277577
5.57561468794
24.1849074085
5.70618316036
24.1647476244
5.83672394131
24.1436860396
5.96719795074
24.1217391079
6.09758515201
24.0988730616
6.22786795442
24.0750432043
6.35798862124
24.0502293697
6.48776900593
24.0244853722
6.61683020415
23.9979587637
6.7451124736
23.9706499623
6.87258147632
23.9425589678
6.99921006759
23.9136857802
7.12491305552
23.8840303997
7.24959364656
23.8535928262
7.37322463542
23.8223801751
7.49581469504
23.7904499847
7.61738752932
23.7578721909
7.73797878438
23.724697647
7.85763515091
23.6909382523
7.97642575289
23.6565613125
8.0944504515
23.621523536
8.21179281191
23.5857871411
8.32851045476
23.54933079
8.4446501347
23.5121463238
8.56024402708
23.4742327995
8.67529638165
23.4356134659
8.78976540902
23.3963793429
8.90357710623
23.3566376353
9.0166399088
23.3164881177
9.12884049659
23.2760312916
9.24002088575
23.2353552368
9.34992414349
23.1945406131
9.45813174799
23.1536726829
9.56457533046
23.1126444277
9.66923930931
23.0713540316
9.77215313239
23.0297217183
9.87338867375
22.9877031455
9.97311499164
22.9452934762
10.0715088721
22.902495241
10.1686455925
22.8593240039
10.2645483659
22.8157771964
10.3592225384
22.7718626169
10.4526664307
22.7276167519
10.5448799895
22.6831114903
10.635868133
22.6384488662
10.7256320796
22.5937255415
10.8141743579
22.548990933
10.90149959
22.5042387718
10.9876101008
22.4594263832
11.0725065831
22.4144966633
11.1561983954
22.3693771172
11.2387156666
22.3239555978
11.3200713173
22.2781682936
11.4002456454
22.2320208832
11.4792149637
22.1855421308
11.5570004827
22.1387614857
11.6337485699
22.0916685332
11.7098085438
22.04417886
11.7852103416
21.9963603705
11.8599559402
21.9482720154
11.9340325821
21.8999488182
12.0074260091
21.8513895558
12.080133329
21.8025561871
12.1521718027
21.7534046987
12.2235638099
21.703874326
12.2943336048
21.6539110908
12.3645047849
21.6034756324
12.4340955683
21.5525394299
12.5031140705
21.5010810245
12.5715544259
21.449077762
12.6394013237
21.3964809415
12.7066258486
21.3432443811
12.7731808104
21.2893393782
12.8390028499
21.2347583621
12.9040177278
21.1795134105
12.9681465006
21.1236336531
13.0313274938
21.0671400213
13.0935387075
21.0100099936
13.1547911949
20.9522003739
13.2151144699
20.8936867641
13.2745393085
20.8344903428
13.3330843717
20.7746813647
13.3907484398
20.7143690455
13.4475211714
20.6536533401
13.5033858305
20.5926090198
13.5583259829
20.5312763515
13.6123242257
20.4696561419
13.6653632444
20.4077407183
13.717428173
20.3455198712
13.7685085235
20.282981195
13.8185948863
20.2200893104
13.867677915
20.1567844265
13.9157618994
20.0929931022
13.9628720592
20.0286385916
14.0090478032
19.9636549638
14.0543245659
19.8980415084
14.0987305769
19.8318657846
14.1422910466
19.7652352721
14.185033169
19.6982639467
14.2269982918
19.6310447141
14.2682478234
19.563628772
14.3088549342
19.496024934
14.3488969765
19.4282176191
14.3884515298
19.3601792
14.4275986857
19.2918620418
14.4664417566
19.2231885422
14.5051021894
19.1540645301
14.5437025491
19.0843951761
14.5823495021
19.0141009038
14.6211149004
18.9431323271
14.6600143419
18.8714794366
14.6990365647
18.7991723687
14.7381559746
18.7262479265
14.7773366099
18.6527458652
14.8165364297
18.5787100141
14.8557116024
18.5041893987
14.894820768
18.4292393619
14.9338169035
18.3539221014
14.9726439357
18.2783124795
15.0112371505
18.2025105701
15.0495362546
18.1266012813
15.0874957663
18.050641783
15.1250936861
17.9746629389
15.162334293
17.8986731164
15.1992397037
17.8226623881
15.2358328615
17.7466198573
15.2721271836
17.6705425999
15.3081261991
17.594425143
15.3438238781
17.5182522385
15.3792025771
17.4420003134
15.4142170614
17.3656450751
15.4488004998
17.2891690381
15.4828850421
17.2125665448
15.5164298996
17.1358430737
15.5494304461
17.0590059267
15.5819303987
16.9820595822
15.6139911144
16.9050032416
15.6456763796
16.8278242609
15.6770630144
16.75048027
15.7082527136
16.6728899814
15.7393198468
16.594982126
15.770269853
16.5167284996
15.8010825566
16.4381141874
15.8317236617
16.3591249223
15.8621604533
16.279728916
15.8923675617
16.1998808129
15.9223304849
16.119529323
15.9520442743
16.0386275273
15.9815131991
15.957148096
16.0107438916
15.8750930804
16.039747835
15.7924839395
16.068537455
15.7093593408
16.0971178959
15.6257699823
16.1254783075
15.5417710341
16.1535692076
15.4574207365
16.1813060481
15.3727797049
16.2085980434
15.2879069408
16.2353631305
15.2028498269
16.2615341511
15.1176394284
16.2870805537
15.0322943512
16.3119816459
14.9468215015
16.3362179993
14.8612171462
16.3597737105
14.7754464345
16.3826236163
14.689454913
16.4047192706
14.603249746
16.4260389623
14.5168677573
16.4466271394
14.4303116888
16.4665489108
14.3435724121
16.4858779018
14.2566303383
16.5046886099
14.1694565188
16.5230435849
14.0820169807
16.5409743424
13.9942837783
16.5584830461
13.906236219
16.5755440777
13.817856712
16.592113013
13.7291313387
16.6081402004
13.6400552463
16.6235830479
13.550631422
16.6384107397
13.4608714945
16.6526104327
13.3707919119
16.6662078568
13.2804033177
16.679261712
13.1896992197
16.6918301087
13.0986481237
16.7039387802
13.0071965939
16.7155567609
12.915267242
16.7265770053
12.8227575608
16.7368825412
12.7295994382
16.7463781178
12.6357952383
16.754962285
12.5414347301
16.7625128537
12.4467017879
16.7689367385
12.3517450816
16.7741968084
12.2566191191
16.7782617417
12.1613383752
16.7811043316
12.0658951678
16.7826997942
11.9702722124
16.7830237959
11.8744524764
16.7820556556
11.7784257969
16.7797867783
11.6821884874
16.7762018281
11.5857444625
16.7712672826
11.4891037147
16.7649257045
11.3922779575
16.7571032299
11.2952740934
16.7477186537
11.1980943713
16.7367000851
11.1007345177
16.7240006137
11.0031863506
16.7096049921
10.9054427792
16.6935101693
10.8075064362
16.6757250894
10.7093962633
16.6562816628
10.6111493401
16.6352395468
10.5128281923
16.6126894454
10.4145273183
16.5887136523
10.316319642
16.5633569296
10.218232968
16.5366487432
10.1202509742
16.5086346566
10.0222859355
16.4793305016
9.92423675157
16.4486878568
9.82604012989
16.4166525343
9.72765621396
16.3831747631
9.62906760651
16.3482193694
9.5302825266
16.311776838
9.43133173661
16.2738665106
9.3322484248
16.2345307984
9.23305937971
16.1938404403
9.13378266611
16.1518915135
9.03442841478
16.1087967282
8.93500203756
16.064664797
8.83550439196
16.0195792735
8.7359270191
15.9735502411
8.63625388057
15.9265267036
8.53647098417
15.878427153
8.43657500608
15.8291962866
8.33657827939
15.7788377328
8.23651425396
15.7273908209
8.13644216526
15.6749306482
8.0364561445
15.6215352586
7.9366361832
15.5672683264
7.83702185409
15.5122006723
7.73763085506
15.4564145167
7.63847463387
15.3999847454
7.53959147433
15.3429719627
7.44105411615
15.2854316475
7.34296253799
15.2274066395
7.24542659953
15.1689239758
7.1485497672
15.1099920079
7.05241308245
15.0505963772
6.95706488557
14.9906952636
6.86252009176
14.9302292576
6.76876333971
14.8691389282
6.67575782314
14.8073814126
6.58345728562
14.7449337885
6.49181619103
14.6817948498
6.40080104984
14.6179871195
6.31040656794
14.5535877813
6.22065396947
14.4886975511
6.13157265274
14.4234090879
6.04318366816
14.3577700087
5.95549126021
14.2917528285
5.86847623777
14.2252788843
5.78209008666
14.1581997922
5.69623937855
14.0903526561
5.61084454063
14.0216319811
5.5258995951
13.9519822734
5.44145278549
13.8813678043
5.35754869441
13.8097714492
5.27421017835
13.7372062645
5.19145728909
13.6637066325
5.10930694156
13.5893199173
5.02778258267
13.5140931028
4.94691499529
13.4380611735
4.86672235651
13.3612505139
4.78722210294
13.2836851074
4.70844883578
13.2053875502
4.63045695477
13.1263726528
4.55331674104
13.0466420203
4.47710727665
12.9661918486
4.40191118846
12.8850296674
4.32780469835
12.8032208463
4.25483031654
12.7208694825
4.18299840716
12.6380905202
4.11229999079
12.5549726574
4.04271699047
12.4715540689
3.97422581941
12.3878604841
3.90681187239
12.3039208094
3.84047816079
12.2197938087
3.77523796453
12.1355518099
3.71110063918
12.0512312202
3.64804106886
11.9668286895
3.58599616294
11.882334809
3.5249188421
11.7977401729
3.46479001938
11.7130224566
3.40558238964
11.6281504134
3.34725578925
11.543089331
3.28975848481
11.4578070095
3.2330359618
11.3722782575
3.17706093348
11.2864786339
3.12183975189
11.2003709182
3.06740540297
11.1139275601
3.01380596462
11.0271479684
2.96108454593
10.9400377375
2.90924568735
10.8526023369
2.85825735434
10.7648343655
2.80806056493
10.6766695484
2.75860708578
10.5880196223
2.70986128709
10.4988085333
2.66179617551
10.4090030225
2.61439854166
10.3186357898
2.56767270183
10.2277670005
2.52163297744
10.1364876154
2.47630735719
10.0448899719
2.43174618948
9.95276570305
2.38800755586
9.85998345398
2.34515051233
9.76658457988
2.30321505925
9.67262936875
2.26221550019
9.57818274978
2.22214284599
9.4833073017
2.1829761994
9.38805535571
2.14468820501
9.29246418721
2.10724763613
9.19657453213
2.07061921803
9.10043348707
2.03475792146
9.00409034187
1.9995971569
8.90760547561
1.96505183735
8.8110238539
1.93102638066
8.71435368889
1.89743123055
8.61758304721
1.86421291686
8.52065242661
1.8313535971
8.4234689003
1.79888310351
8.32596543084
1.76685552479
8.22810957105
1.73534089048
8.12987620819
1.70442021818
8.03123829212
1.67417144625
7.93215756338
1.64465536646
7.83257497757
1.61590242267
7.7323650866
1.58789993862
7.63129523814
1.5605377413
7.52944574659
1.53370340052
7.42693830174
1.50735153413
7.3237656502
1.48144911246
7.21992247109
1.45596632373
7.11540652482
1.43088271568
7.01021672117
1.40618944469
6.90434986256
1.38188584569
6.79777874367
1.35791352117
6.69045640347
1.33417235089
6.58237490043
1.31062672885
6.47358664541
1.28727665508
6.36415600535
1.26412212956
6.25412168402
1.24117167112
6.14349716334
1.2184643754
6.03222954672
1.19602116983
5.92022791968
1.17379839732
5.80746743094
1.15174330795
5.69396990913
1.12983859424
5.57971631264
1.10805507169
5.46467569374
1.08635600677
5.3488230079
1.06470249196
5.23215692296
1.04305882081
5.11471775393
1.02139693309
4.9966235872
0.999695168386
4.87839109214
0.977999586273
4.76043408566
0.956356963863
4.64287197678
0.9347688293
4.52575256618
0.913257437676
4.40908256986
0.89186645506
4.29284739208
0.870639932709
4.17703397904
0.849605173785
4.06165111465
0.828765994589
3.94674318478
0.808182185669
3.83236919118
0.787953867278
3.71854554168
0.768116645395
3.60522962741
0.748670520021
3.49237062789
0.72961074222
3.37995054783
0.710913875364
3.26799240021
0.69251827304
3.15663886487
0.674375426507
3.04614360836
0.65649390849
2.93670209168
0.638866033787
2.82840017956
0.621430263482
2.72131126247
0.604128657547
2.61550726151
0.586912680012
2.51106790546
0.569747599606
2.40807733836
0.552607889238
2.30664100873
0.535489537033
2.20694442845
0.518474277318
2.10887807233
0.501646034865
2.01231127168
0.485010718702
1.91724992159
0.468542946464
1.82370884281
0.452199627296
1.73171510464
0.435931447374
1.64131134791
0.419694355441
1.55255911851
0.403461079809
1.46556032451
0.3872876262
1.38044998851
0.371274114865
1.29733969108
0.355456151784
1.21630703733
0.339833736958
1.13741657635
0.324406870385
1.06073760734
0.309180301
0.986360977079
0.294168946601
0.914437919267
0.279430567365
0.845147964096
0.265088133134
0.778594457032
0.251235556557
0.714813465246
0.237903719756
0.653860775046
0.225119680955
0.59578798682
0.212905119119
0.540629764899
0.201273731501
0.488391598201
0.190228988646
0.439050210025
0.179770890553
0.392532348038
0.169885811276
0.348649474606
0.160484423588
0.307217912473
0.1514826634
0.268166042094
0.142871999719
0.23146075379
0.134652432547
0.197085635373
0.126823961883
0.165028676433
0.119386587728
0.134757730676
0.112214935619
0.106227067009
0.105280447621
0.0793649892091
0.0984908262834
0.054126653812
0.0917378670445
0.030576007538
0.0850560221694
0.00885391119404
0.0785662212269
-0.0109038692149
0.0723935979852
-0.0286599169525
0.0666072124907
-0.0444926056621
0.0612119235043
-0.0585522540884
0.0561725216293
-0.0710574174091
0.0513936183404
-0.0821784426406
0.0468113103881
-0.0919933930174
0.0424245506899
-0.100560089982
0.0382333392457
-0.107920021868
0.0342376760557
-0.11410103555
0.0304375611197
-0.119120028086
0.0268329944378
-0.122985618047
0.02342397601
-0.125699498967
0.0202105058362
-0.127256880743
0.0171925839165
-0.127647168237
0.0143702102509
-0.126854639873
0.0117433848393
-0.124859126234
0.00931210768185
-0.121636688664
0.00707637877845
-0.123514954174
0.00360536977685
-0.121996574143
0.00114199852562
-0.117007482379
0.000110047801854
-0.109681322792
1.42108547152e-14
-0.101174372423
1.42108547152e-14
-0.0914939616149
1.42108547152e-14
-0.0804835041622
1.42108547152e-14
-0.0679864138582
7.1054273576e-15
-0.0538461044965
7.1054273576e-15
-0.0379059898705
0
-0.0200094837738
0
0
0
