2
1000
41.3710909884
46.0779815799
41.3706068864
46.0776101216
41.3694569755
46.0767040283
41.3676505251
46.0752419123
41.3651968045
46.0732023854
41.3621050829
46.0705640599
41.3583846297
46.0673055478
41.3540447142
46.0634054612
41.3490946057
46.058842412
41.3435435735
46.0535950125
41.3373315218
46.0475333601
41.3299153767
46.0396111236
41.3212382974
46.0288747265
41.3145600884
46.0206575451
41.3074902355
46.0116607535
41.3000493164
46.0018605207
41.292258031
45.9912306946
41.2841371993
45.9797413148
41.2757077594
45.9673571259
41.2669907658
45.9540347845
41.2580073874
45.9397095726
41.2487789057
45.9242996656
41.2393267127
45.9077154616
41.2296723095
45.8898689109
41.2198373036
45.8706828454
41.2098433984
45.8501002941
41.1997064695
45.8280825328
41.1894328238
45.8046002731
41.179021116
45.779630728
41.1684642644
45.7531546768
41.1577513672
45.7251535309
41.1468696183
45.6956063987
41.1358082077
45.6644900914
41.1246081918
45.6318525055
41.1133523359
45.5978243554
41.1020925242
45.5625393212
41.0907958131
45.5260717334
41.0793753198
45.4884279948
41.0676237798
45.4491554402
41.0555064331
45.4082203077
41.0429885037
45.3655912015
41.0300352922
45.3212365045
41.0166122679
45.2751217911
41.0026851181
45.2272048362
40.9882196445
45.1774317226
40.9731817882
45.125760811
40.957537671
45.072170563
40.9412536375
45.0166623026
40.9242963198
44.9592585538
40.9066326789
44.8999834955
40.8882298883
44.8388488192
40.8690627001
44.775854111
40.8491253636
44.7110046862
40.8284256269
44.6443095378
40.8069724157
44.57578071
40.7847774209
44.5054358865
40.7618584239
44.4333010625
40.7382426225
44.3594132168
40.7139675059
44.2838226874
40.689066899
44.2065916679
40.6635770624
44.1277918572
40.6375362256
44.047499651
40.6109821661
43.9657906814
40.5839502355
43.8827346151
40.5564750385
43.798394723
40.5285908865
43.7128312782
40.5003289805
43.6261049117
40.4716985252
43.5382807616
40.4426880666
43.4494396256
40.4132716645
43.359700217
40.3834149358
43.2692064972
40.3530810823
43.1781085384
40.3222369172
43.0865433875
40.290858869
42.9946203532
40.258937351
42.9024235147
40.2264756203
42.8100156176
40.1934884627
42.7174473262
40.1599898501
42.6247505818
40.1259928585
42.5319459706
40.0915159094
42.4390486672
40.0565751018
42.3460711633
40.0211745887
42.2530278197
39.9852997981
42.1599397502
39.948922555
42.0668373433
39.9120231201
41.9737604101
39.8745841957
41.8807509021
39.8365885235
41.7878463995
39.7980188833
41.6950745103
39.7588560999
41.6024510615
39.7190705824
41.5099830836
39.6786284302
41.4176762033
39.6375008825
41.3255422873
39.5956898786
41.2336086947
39.553233592
41.1419231377
39.5102071531
41.0505302779
39.4667159491
40.9594621684
39.4228688176
40.8687280781
39.3787701308
40.778315265
39.3345136878
40.6882082103
39.2901784317
40.5984031233
39.2458294802
40.5089146881
39.2015046657
40.4197710077
39.1572169434
40.3310129452
39.1129691263
40.2426904047
39.0687547114
40.1548553985
39.0245569678
40.06755503
38.9803482428
39.9808225697
38.9360892655
39.8946686286
38.8917434572
39.809080255
38.847280624
39.7240282945
38.8026713894
39.6394780729
38.7578867713
39.5553977504
38.7128977825
39.4717662348
38.6676770232
39.3885773012
38.6222067411
39.3058389202
38.5764750508
39.2235682849
38.5304876057
39.1417859015
38.484259011
39.0605038583
38.4377987364
38.9797107432
38.391098454
38.8993772692
38.3441273603
38.8194673742
38.2968476042
38.7399549982
38.2492108251
38.6608299129
38.2011545498
38.5820857643
38.1526100125
38.5037179964
38.1035067593
38.4257210031
38.0537889829
38.3480878927
38.0034202808
38.2708111581
37.952374625
38.1938837375
37.9006405351
38.117300653
37.8482287125
38.0410608081
37.7951772274
37.9651685924
37.741551885
37.889638207
37.687422519
37.8144928805
37.6328548961
37.7397624365
37.5779148554
37.6654792233
37.522667335
37.5916757197
37.4671807486
37.5183782188
37.4115360655
37.4456078523
37.3558206507
37.373379615
37.3001187639
37.3017011385
37.2444859886
37.2305722597
37.1889438778
37.1599880085
37.1334799474
37.0899447376
37.0780537781
37.020445216
37.022622664
36.9515076356
36.9671483464
36.8831680944
36.9116019635
36.8154825007
36.8559683542
36.7485170198
36.8002393705
36.682330029
36.7444226939
36.6169704172
36.6885424254
36.5524771289
36.6326318472
36.4888777085
36.5767276465
36.4261895134
36.5208648439
36.3644235636
36.4650699988
36.3035883157
36.4093568627
36.2436936303
36.3537240023
36.1847515571
36.2981530805
36.1267667673
36.2426160122
36.0697289357
36.1870790044
36.0136158359
36.1315060946
35.958397273
36.0758568677
35.9040431187
36.0200794713
35.8505240081
35.964118869
35.7978140347
35.9079257102
35.7458935885
35.8514652359
35.6947523193
35.7947268491
35.6443948402
35.7377313897
35.5948378082
35.6805284438
35.5460975927
35.623174356
35.4981805081
35.5657291837
35.4510797416
35.5082554339
35.404772859
35.4508157784
35.3592300949
35.3934701722
35.3144266429
35.3362610456
35.2703403555
35.279208088
35.2269487752
35.2223123207
35.1842298334
35.165560875
35.14216308
35.108931246
35.1007259843
35.0523964076
35.0598943197
34.9959299429
35.0196427089
34.9395111817
34.9799451997
34.8831296893
34.9407861706
34.8267808814
34.9021692863
34.7704650258
34.8641163949
34.7141866544
34.8266713253
34.6579513459
34.7898953799
34.6017622802
34.7538604846
34.5456167935
34.7186423379
34.4895029326
34.6843135602
34.4333959735
34.650936718
34.3772534692
34.6185546069
34.3210007737
34.587189158
34.2645385632
34.5568474549
34.2077574185
34.5275195081
34.1505523824
34.4991758584
34.0928364943
34.4717759644
34.0345493237
34.4452806565
33.9756447915
34.4196531887
33.9160886096
34.394860271
33.855857576
34.3708731024
33.7949374076
34.3476657344
33.7333198695
34.3252129043
33.6710004269
34.3034927972
33.6079750402
34.2824857238
33.5442395988
34.2621726714
33.4797935221
34.2425432608
33.4146407514
34.2235996288
33.3487887132
34.2053519258
33.2822470095
34.1878131596
33.2150261703
34.1709889564
33.147136099
34.1548880903
33.0785846225
34.1395325166
33.0093802359
34.1249475736
32.9395348609
34.1111521153
32.8690666056
34.098148644
32.7980043288
34.0859187284
32.7264050791
34.0744335063
32.6543479932
34.0636750236
32.5819206616
34.0536398014
32.5092055572
34.0443414626
32.4362674855
34.0358025737
32.3631460364
34.02804242
32.2898687485
34.021076184
32.2164546546
34.0149141411
32.1429159724
34.0095608576
32.0692597965
34.0050164919
31.9954873014
34.0012854828
31.9215887543
33.9983957618
31.8475482367
33.996395851
31.7733468714
33.9953489038
31.6989618819
33.9953173386
31.6243682618
33.9963515496
31.5495421682
33.9984869992
31.4744636203
34.0017427724
31.3991142803
34.006136516
31.32347985
34.0116754849
31.2475542014
34.0183454625
31.171339315
34.0261195141
31.0948452022
34.0349668089
31.018090684
34.0448617213
30.9411164723
34.055795215
30.8639781614
34.0677718267
30.7867351534
34.0807939505
30.7094392446
34.0948638915
30.6321231484
34.1099868624
30.5547937861
34.1261739699
30.4774461661
34.1434434826
30.4000678956
34.1618204427
30.3226426768
34.1813366432
30.2451538037
34.202030604
30.1675876575
34.223945444
30.0899396903
34.2471193665
30.0122245971
34.27156562
29.9344741275
34.2972745744
29.8567315314
34.3242188213
29.7790470957
34.3523582747
29.7014739813
34.381645492
29.6240640318
34.4120323141
29.5468633525
34.4434755322
29.4699157277
34.4759137048
29.3932644826
34.5092582448
29.3169485383
34.5434093012
29.2409984524
34.5782717114
29.1654324593
34.6137709523
29.0902516568
34.6498688299
29.0154237792
34.6865673919
28.9408897645
34.7238877574
28.8665776331
34.7618620927
28.7924163044
34.8005265282
28.7183494131
34.8399140756
28.6443443587
34.8800475542
28.5703807659
34.9209342361
28.4964479307
34.9625643362
28.4225420407
35.0049197013
28.3486651903
35.0479769722
28.2748261428
35.0917051954
28.2010444191
35.136048818
28.1273446614
35.1809326397
28.0537524855
35.22626979
27.9802925387
35.271969704
27.9069854682
35.3179460998
27.8338445883
35.3641247346
27.7608734461
35.4104493812
27.6880718227
35.4568803758
27.6154367712
35.5034042339
27.5429618774
35.5500412068
27.4706407136
35.5968330059
27.3984703081
35.6438304588
27.3264545638
35.6910808844
27.2546061932
35.7386078842
27.1829463606
35.7863946576
27.1115012697
35.8343961694
27.0403012945
35.882552399
26.969378829
35.9307942724
26.8987659292
35.9790483381
26.8284932482
36.0272431615
26.7585887224
36.075317375
26.6890758003
36.1232251748
26.6199728726
36.1709312721
26.5512884493
36.2184118137
26.4830170016
36.265657619
26.4151335283
36.312690684
26.3475978506
36.3595587284
26.2803600656
36.4063267179
26.2133660006
36.453068387
26.1465623661
36.4998575407
26.0799022416
36.546758038
26.0133507626
36.5938140042
25.9468806904
36.6410507964
25.880469355
36.6884775566
25.8140975475
36.736088404
25.7477484136
36.7838636275
25.6814063471
36.8317708789
25.6150559309
36.879766627
25.548681416
36.9277996493
25.4822661355
36.9758205297
25.4157915204
37.0237974136
25.3492349957
37.0717319075
25.2825721115
37.119651613
25.2157791604
37.1675998215
25.1488345028
37.2156234889
25.0817205225
37.2637573657
25.0144275028
37.3120021402
24.946953249
37.360349459
24.8793039605
37.408786686
24.8114928657
37.4572956571
24.7435368063
37.5058527852
24.6754528212
37.5544291635
24.6072547303
37.6029906702
24.5389488515
37.6515063578
24.470531165
37.6999625517
24.4019874971
37.7483588702
24.3332935824
37.7966945389
24.2644184504
37.8449637204
24.1953285226
37.8931548348
24.1259914147
37.9412504612
24.0563797274
37.9892272945
23.9864715493
38.0370715922
23.9162492562
38.0847906715
23.8457008391
38.1324174702
23.7748212933
38.1800071963
23.7036120167
38.2276109009
23.6320809835
38.2752429242
23.5602402453
38.3228793433
23.4881036676
38.3704664466
23.4156865874
38.4179485184
23.3430038862
38.4652806452
23.2700668558
38.5124457905
23.1968868156
38.5594245302
23.1234775257
38.6061878415
23.049855375
38.6527004799
22.9760395869
38.6989245508
22.9020539062
38.7448403393
22.8279268674
38.790456014
22.7536916068
38.8357956354
22.6793845294
38.8808816766
22.6050407802
38.9257366854
22.530691691
38.9703910706
22.4563621787
39.0148778714
22.382066952
39.0592255638
22.307802666
39.103465391
22.2335489815
39.1476334655
22.1592747332
39.1917549519
22.0849458027
39.2358322161
22.0105314069
39.2798454424
21.9360109819
39.3237514443
21.8613821843
39.3674823343
21.7866586895
39.410967333
21.711862355
39.4541557299
21.6370201756
39.4970332374
21.5621593383
39.5396190313
21.4873036391
39.5819757484
21.4124725245
39.6241801982
21.3376786437
39.6663154485
21.2629276358
39.7084689154
21.1882199692
39.750729104
21.113552765
39.7931821573
21.0389228571
39.8358958661
20.9643322703
39.8789054872
20.8897915925
39.922202944
20.8153200098
39.9657444236
20.7409451128
40.0094587234
20.6667000827
40.0532594076
20.5926202089
40.0970571569
20.5187404558
40.1407700488
20.4450931388
40.1843270148
20.3717045352
40.2276589444
20.2985945058
40.2706922683
20.2257745331
40.3133550089
20.1532457588
40.35558283
20.0809968337
40.3973294843
20.0090023359
40.4385897624
19.9372281342
40.4793989031
19.8656370004
40.5198288724
19.7941893939
40.5599500286
19.722845574
40.5998093241
19.6515677208
40.6394147862
19.5803195556
40.6787613653
19.5090655653
40.7178408254
19.4377720309
40.7566530891
19.3664068463
40.7952031405
19.2949377425
40.8334795553
19.2233292109
40.8714394373
19.1515397511
40.9090160816
19.079522594
40.9461394734
19.0072300107
40.982754022
18.9346174874
41.0188249698
18.8616478548
41.0543423135
18.7882962702
41.0893230854
18.714559352
41.123798958
18.6404596301
41.1578013196
18.5660422674
41.1913663069
18.4913637399
41.2245397871
18.4164812437
41.2573698733
18.3414421019
41.28989944
18.2662731717
41.3221586379
18.1909756367
41.3541576329
18.1155234929
41.3858750499
18.0398712211
41.4172478106
17.9639631889
41.448196269
17.887741703
41.4786328075
17.8111548955
41.5084683697
17.734164469
41.5376189914
17.6567448746
41.5660073609
17.5788788157
41.593553685
17.5005565596
41.6201809932
17.421774124
41.645834095
17.3425299127
41.6704884413
17.2628223454
41.6941501176
17.1826496518
41.7168530291
17.1020103585
41.7386404521
17.0209033656
41.7595574199
16.9393280653
41.7796455956
16.8572837082
41.7989396328
16.7747686703
41.8174703046
16.6917852937
41.8352537118
16.6083394399
41.8522866336
16.5244408088
41.8685545463
16.4401041147
41.884039641
16.3553502625
41.8987288416
16.2702075243
41.9126218231
16.1847092446
41.9257328313
16.0988907126
41.9380771168
16.0127815699
41.9496611803
15.9264071592
41.9604867178
15.8397901048
41.9705549414
15.7529518933
41.9798709008
15.6659140257
41.9884428319
15.5787021282
41.9962671369
15.4913412206
42.003320839
15.403853867
42.0095679558
15.3162617292
42.0149715827
15.2285872528
42.0195049458
15.1408529897
42.0231551061
15.0530786933
42.0259088174
14.9652804061
42.0277342182
14.8774704901
42.0285817187
14.7896573814
42.0283892674
14.7018452457
42.0270877689
14.614029411
42.0246142598
14.5261929551
42.0209337077
14.4383128072
42.016040093
14.3503664291
42.0099428626
14.2623369434
42.0026589559
14.1742182617
41.9942048294
14.0860207968
41.9845884823
13.997778619
41.9738074572
13.9095463413
41.9618605453
13.8213934636
41.9487551354
13.7333812749
41.9345030822
13.645552464
41.9191162383
13.5579246455
41.9026015894
13.4704924532
41.884961362
13.3832367172
41.8662074996
13.2961418753
41.846368674
13.2091971221
41.8254844733
13.1223936901
41.8035965586
13.0357276951
41.7807383106
12.949200818
41.7569272835
12.8628200578
41.7321755062
12.7765951673
41.7065039491
12.6905369169
41.6799339372
12.6046573685
41.6524720535
12.5189672284
41.6241084051
12.4334718272
41.5948262777
12.3481710593
41.5646072587
12.2630574406
41.5334358377
12.1781160318
41.5013059685
12.093325915
41.4682220595
12.0086612017
41.4341952567
11.9240927165
41.3992291605
11.839592541
41.3633192984
11.75514599
41.3264643533
11.670755277
41.2886641852
11.5864492402
41.2499152579
11.5022799243
41.2102054361
11.4183126657
41.1695083529
11.3346105035
41.1277893137
11.2512287183
41.0850191366
11.1682066562
41.0411751811
11.08556965
40.9962402912
11.0033341234
40.9502037796
10.9215071297
40.9030639217
10.8400874558
40.8548322696
10.7590599727
40.8055451276
10.6783979514
40.7552595689
10.5980677122
40.7040510306
10.5180315399
40.652013038
10.4382535184
40.5992435682
10.3587069892
40.5458201472
10.2793788284
40.4917917483
10.2002731521
40.437185664
10.1214045034
40.3820126758
10.042793851
40.3262689006
9.96446773603
40.2699410029
9.8864561596
40.2130219733
9.8087842505
40.1555131505
9.73146658663
40.0974143535
9.65451910522
40.0387248629
9.57795730081
39.9794427281
9.50178861638
39.9195586966
9.42601648124
39.8590662056
9.35064328286
39.7979621435
9.27566121649
39.7362396681
9.20105928427
39.6738927324
9.12683416306
39.6109236436
9.05299126865
39.5473452733
8.97953791472
39.483169791
8.9064841584
39.4184065371
8.83385168124
39.3530532773
8.76167293335
39.2871067735
8.68998505907
39.2205777657
8.61882674245
39.1534925919
8.54823520747
39.0858942038
8.47824323949
39.0178430575
8.40887732372
38.9494058609
8.34015393367
38.8806420671
8.27208769452
38.8115961447
8.20469574946
38.7422963438
8.13799699732
38.6727628006
8.07200881765
38.6030103792
8.00674373737
38.5330512494
7.9422053385
38.4628975996
7.87837787355
38.3925665708
7.81523003087
38.3220878299
7.75272729117
38.2515179366
7.69083044926
38.1809250741
7.62949167768
38.1103688244
7.56866657102
38.0398976562
7.50831583913
37.9695479867
7.44840381702
37.8993412016
7.38890677852
37.8292860238
7.32982786038
37.7593930902
7.27119293221
37.6896692782
7.21304317211
37.6201148992
7.15542874567
37.5507179063
7.0984042189
37.481445972
7.04202105122
37.4122519285
6.98631993376
37.3430798111
6.93132312771
37.2738709034
6.87702725296
37.2045695332
6.82340558702
37.1351271435
6.77041349289
37.0655070949
6.71799400103
36.9956875541
6.66608583944
36.9256563861
6.61463397632
36.8554113093
6.56360022115
36.7849603144
6.51296596978
36.7143221452
6.4627275335
36.6435267045
6.41290467359
36.5726195527
6.36353770268
36.5016503305
6.31468809712
36.4306732747
6.26644031158
36.3597503812
6.21888756161
36.2889368631
6.17211705946
36.2182660532
6.12618881463
36.147735164
6.08112933616
36.0773130226
6.03692800374
36.0069445393
5.99354511565
35.9365639236
5.95092289281
35.8661044923
5.90899653144
35.7955076047
5.86770055698
35.7247288633
5.82696592545
35.6537340409
5.78672979169
35.5824972314
5.74694615953
35.5109993579
5.70759605998
35.4392268748
5.66868683915
35.3671680658
5.6302482321
35.2948061189
5.59231801089
35.2221173048
5.55492952777
35.1490707503
5.51810573929
35.0756269744
5.48185323042
35.0017364261
5.44616409465
34.9273379584
5.41102523003
34.8523573795
5.37641422444
34.7766938387
5.34230994873
34.7002271697
5.30870551197
34.6228632449
5.27560029131
34.5445586757
5.24297357706
34.4653092923
5.21079075031
34.3851419397
5.17902108062
34.3041084775
5.14764232887
34.2222594684
5.11666094189
34.1396395361
5.08610266145
34.0562859904
5.05599244913
33.9722271928
5.02635121206
33.88747594
4.99719722739
33.8020255805
4.96855681931
33.7158564061
4.94046236928
33.6289398187
4.91294984599
33.5412399137
4.88605889458
33.4527059227
4.85982698661
33.3632914846
4.83428044922
33.2729762909
4.80943675274
33.181766066
4.78530490324
33.0896780229
4.76187935405
32.996728583
4.73914177333
32.9029209081
4.71707123282
32.8082349887
4.69564322247
32.7126403732
4.67482845121
32.616122863
4.65455811444
32.5186995256
4.63470679309
32.4203746383
4.61513771496
32.3211106287
4.59576653256
32.2208353125
4.5765806939
32.1194329584
4.55760025997
32.016752167
4.53886331462
31.9126953431
4.52039618543
31.8072704881
4.50221358809
31.7005280162
4.48432945518
31.5925293607
4.46675566251
31.4833307713
4.44951000811
31.3729773876
4.43261152434
31.261495057
4.41607490802
31.1488839443
4.39990454875
31.0351337502
4.38408601988
30.9202542025
4.36858504899
30.8042782186
4.35336078335
30.6872364218
4.33837716007
30.5691533481
4.32360779535
30.4500594216
4.30904087379
30.3300023654
4.29467618168
30.2090602484
4.28051371903
30.0873453584
4.26655348584
29.9649917053
4.2527954821
29.8421368706
4.23926738757
29.7188757024
4.22603839703
29.5952509602
4.21320957214
29.4712825661
4.20087164465
29.3469863635
4.1890696246
29.2224027469
4.17782077714
29.0976054147
4.16710631709
28.972626861
4.15688534127
28.8473969499
4.14711628517
28.7217068517
4.137747227
28.5954096551
4.12865922409
28.4684435618
4.119726717
28.3407883066
4.11089281007
28.2124529105
4.10211884616
28.0834946999
4.09337270113
27.9540107171
4.08463303702
27.8240941704
4.07589337291
27.6937915869
4.06715370879
27.5630999561
4.05837539687
27.4319467311
4.0494673001
27.3002058165
4.04036144353
27.1677849049
4.0310533575
27.0346779858
4.02154304202
26.900903169
4.01183049708
26.7664701771
4.00194340244
26.6313569103
3.99194605948
26.4955435075
3.98190200282
26.3590384851
3.9718186423
26.2218876208
3.96164695099
26.0842124818
3.95133271009
25.9462095103
3.94083304076
25.8080594291
3.93013114197
25.6698571973
3.91922701373
25.5316616811
3.90812065603
25.3936006826
3.89682642037
25.2556120485
3.88542963026
25.1175685398
3.87401688149
24.9794246979
3.86260413272
24.8411818178
3.85119138394
24.7028479206
3.83977863517
24.564427355
3.8283658864
24.4259185826
3.81695313762
24.2873270491
3.80554038885
24.1486547705
3.79416628789
24.0098119
3.78292099578
23.8708148898
3.77186238263
23.7317121127
3.76097528871
23.5924730517
3.75023234285
23.4530490729
3.73960021498
23.3133982597
3.72901371909
23.1735002531
3.71836865423
23.033337093
3.70755512234
22.8928698385
3.69646215468
22.7519733851
3.68500792784
22.6104400978
3.67314968083
22.468066113
3.6608869749
22.3247676851
3.64821981006
22.1805975364
3.6351481863
22.035785023
3.62168645513
21.8905452063
3.60791994006
21.7451508463
3.59393523687
21.5998443418
3.57974479178
21.4547574612
3.56533232222
21.3099594753
3.55067164222
21.1654871926
3.53573039167
21.0213577544
3.52047376564
20.8776021281
3.50486824365
20.7342873884
3.48892396678
20.5915706658
3.47271230833
20.4498020159
3.45629492676
20.3092301836
3.43968639658
20.1699471216
3.42290634717
20.0320008077
3.40598214969
19.8954096946
3.38894713423
19.7601732315
3.37183880704
19.6262824742
3.35469706767
19.493741327
3.3375633862
19.362570648
3.32050868784
19.2328265719
3.3036130192
19.1044951788
3.28691914129
18.9774770162
3.27042738818
18.8516563484
3.25412027539
18.7269626085
3.23795840029
18.6032464048
3.22187768579
18.4805426828
3.20574435479
18.3589501258
3.18943622517
18.2384885894
3.17292937852
18.119133565
3.15624009744
18.000817015
3.13939456788
17.8834328283
3.12242514996
17.7668824999
3.10535749473
17.6511043109
3.08819817853
17.5360654378
3.07089842466
17.4218355412
3.05334368432
17.3083744758
3.03543988805
17.1955909652
3.01716553904
17.0834396777
2.99851632872
16.9718762076
2.97949089826
16.8608648688
2.96009136231
16.7503837972
2.94032393598
16.6404299849
2.92020052188
16.5310256688
2.89976900455
16.4222736997
2.87909532655
16.3143367603
2.85821898036
16.2074107208
2.83714040471
16.101613094
2.81585970426
15.9969599128
2.79439436349
15.8933894637
2.77278378503
15.790817871
2.75107769449
15.6890423343
2.72932454541
15.5878698406
2.70756343662
15.4872090609
2.68582212284
15.3870054147
2.66412679005
15.2872394376
2.64250979835
15.187899955
2.62100595267
15.0889400626
2.59965792738
14.9902766224
2.57852117335
14.8918172197
2.55765408992
14.7933395304
2.53710714508
14.6947014775
2.51691372582
14.5958484971
2.49709085932
14.496746235
2.47764285411
14.3973625273
2.45857106904
14.2976237118
2.43987338947
14.1973739762
2.42154360027
14.0964545811
2.40356806276
13.994778615
2.38588068323
13.8922562052
2.36838246835
13.7888779027
2.35099225118
13.6847304719
2.33366561749
13.5799424727
2.31637978381
13.4746035768
2.29914321534
13.368774214
2.2819762181
13.2624864334
2.26489645383
13.1557670539
2.24790878281
13.0486482165
2.23099194225
12.9411805691
2.21410336856
12.8334635692
2.19719497412
12.7256284631
2.18021831443
12.6178127222
2.16313890923
12.5101334674
2.14594893554
12.4026640412
2.12865852225
12.2953818984
2.11129205713
12.1882246578
2.09388522531
12.08115055
2.07645521278
11.974154017
2.05899401184
11.8672587141
2.04148733785
11.7605140843
2.02392325343
11.6540194922
2.00630068928
11.5479520098
1.98863771188
11.44247449
1.97095909801
11.3376549055
1.95329716086
11.233501098
1.93568821974
11.1299222621
1.91817394909
11.0268140156
1.90079832442
10.9241345772
1.88358412919
10.8218821991
1.86652289821
10.720039589
1.84959432546
10.6185720034
1.83278074919
10.5174054596
1.81607730913
10.4164399412
1.79950175562
10.3155796118
1.78308036969
10.2147370332
1.76683505299
10.113853537
1.75078188989
10.0129306419
1.73492055573
9.91200941998
1.71922535302
9.81112930988
1.70365764612
9.71036764411
1.68817234869
9.60980877159
1.67270686049
9.50950946816
1.65720360364
9.40950716483
1.64161562467
9.30984562354
1.62589387769
9.21061230867
1.60998480028
9.11197272066
1.59382799256
9.01408485608
1.57735588563
8.91701668988
1.5605288401
8.8207833656
1.54335360021
8.72536469224
1.52586857186
8.63063381915
1.50811783524
8.53636315601
1.4901416583
8.44236058085
1.47196580667
8.34855951916
1.45359959672
8.25494394278
1.43504303229
8.16152559385
1.41629017894
8.06835489315
1.39733253796
7.97550053042
1.3781624206
7.8830116959
1.35877632215
7.79089570766
1.33917829606
7.69912154231
1.31937679389
7.60763426222
1.29937306226
7.51640638207
1.27916710118
7.42549537274
1.25875891064
7.33499269381
1.2381499397
7.2449680453
1.21737928155
7.15545633489
1.19652701549
7.06646556461
1.17569707627
6.97797403581
1.15500012338
6.88990661215
1.13453641038
6.80210740106
1.11437888507
6.71443215002
1.09456969578
6.62683085962
1.07510704826
6.53930315871
1.05594377589
6.45187749203
1.03700707396
6.36468226627
1.01822003359
6.27792523121
0.999510973178
6.19177655761
0.98082724193
6.10630954093
0.96214028035
6.02158991657
0.943441596885
5.93770207881
0.924736972898
5.85473391115
0.906034907073
5.77274427741
0.887343088173
5.69174972624
0.868665020915
5.61174825867
0.849996651834
5.53272401578
0.831329529381
5.45464803857
0.812662406928
5.3774679549
0.793995284475
5.30108192147
0.775329096881
5.22537822595
0.756680516222
5.15027628198
0.738056722332
5.07572112853
0.719449860188
5.00166752821
0.700844902396
4.92807834329
0.682227511669
4.85492291177
0.66359190331
4.78217542337
0.644948476836
4.70981338615
0.626316305409
4.6378227592
0.60771229899
4.56620261899
0.589160380317
4.49503778015
0.570691679653
4.42448160611
0.552339025698
4.35464147212
0.534139003879
4.28552088237
0.516138602606
4.21709975942
0.49838785296
4.14934021925
0.480931903193
4.08217125979
0.463808627599
4.01550656244
0.447051567785
3.94927958981
0.43067157202
3.8834582333
0.414650283365
3.81802387092
0.398948506243
3.75296760746
0.383524126383
3.68828349654
0.368339132864
3.62396631521
0.353366262486
3.56000949801
0.338594686705
3.49640345297
0.324007219247
3.43314019494
0.309577209696
3.37021563721
0.295272825659
3.30762819141
0.281060120981
3.24537706356
0.266906103956
3.18346055029
0.252781827885
3.12187433074
0.238672768703
3.06060827776
0.224585600306
2.99964349731
0.21054812404
2.93894995345
0.196593865783
2.87841141343
0.182755654236
2.81784214205
0.169064903058
2.75710120635
0.155543325628
2.69615012614
0.142190061833
2.63497235232
0.128982811426
2.57356680019
0.115885066947
2.51194769451
0.102859107208
2.45014439499
0.0898713905998
2.38819744718
0.0769110688547
2.32615581135
0.0639964989124
2.26407261815
0.0511668763494
2.20200282173
0.0384643154368
2.14000501852
0.0259268270956
2.07813871336
0.0135816745252
2.01646142612
0.00144118774153
1.955025864
-0.0104808917796
1.89387976951
-0.0221614352412
1.83306729261
-0.0335710582982
1.77262926268
-0.0446772528303
1.71260346047
-0.0554475187151
1.65302489005
-0.0658525179417
1.59392605496
-0.0758765157962
1.53533871515
-0.0855242197475
1.47729541562
-0.094819552532
1.41983005958
-0.103793644413
1.36297797825
-0.112479324091
1.30677510586
-0.120908005226
1.25125730458
-0.129106572964
1.19645968944
-0.137094270456
1.14241595322
-0.144879585385
1.08915769137
-0.152462670858
1.03671201534
-0.159843098697
0.985099228542
-0.167006310808
0.934335556656
-0.173921919334
0.88443446339
-0.180550351024
0.835407083349
-0.186849491607
0.787262654936
-0.192781330163
0.740008953234
-0.198318603492
0.693652722905
-0.203451417909
0.648200113826
-0.208182209744
0.60365879662
-0.212524720473
0.560039525579
-0.216502078893
0.517355370746
-0.22014366935
0.475620863052
-0.223481999963
0.434851139463
-0.226549570855
0.395061088118
-0.229375742377
0.356264493472
-0.231983603338
0.318473181438
-0.234386839229
0.281696600053
-0.236587845664
0.245943071011
-0.238586622643
0.211221056805
-0.240383170166
0.177539120863
-0.241977488232
0.144905475088
-0.243369576843
0.113327527402
-0.244559435997
0.0828114292871
-0.245547065695
0.0533616233251
-0.246332465937
0.0249803907404
-0.246912104881
-0.00232514514652
-0.247288712375
-0.0285373680336
-0.247474361234
-0.053631071376
-0.247485215489
-0.0775754995094
-0.24733627864
-0.100336388773
-0.247036141905
-0.121878008635
-0.246581732475
-0.142165202813
-0.245953084344
-0.161164686993
-0.245122206756
-0.178845344202
-0.244255972676
-0.19572307957
-0.243351239303
-0.211810166834
-0.242404425308
-0.227116679446
-0.241411425264
-0.241650273877
-0.240367502141
-0.255415931577
-0.239267150742
-0.268415646201
-0.238103922119
-0.280648037311
-0.236870194792
-0.292108299371
-0.235556872154
-0.302789463102
-0.234152975541
-0.312681521137
-0.232645086585
-0.321770007023
-0.231016566514
-0.330034153965
-0.229246436001
-0.337444414055
-0.22730772163
-0.343958972528
-0.225164932063
-0.349518622362
-0.222770049605
-0.354038841773
-0.220059809505
-0.35740433589
-0.216947788422
-0.359453780397
-0.213300458034
-0.359934293564
-0.208888155289
-0.358408649517
-0.203406237591
-0.354295927236
-0.196665036034
-0.347231547038
-0.188612275064
-0.337109373153
-0.179331679845
-0.324079424492
-0.175228592187
-0.323505962677
-0.170527816046
-0.320838611803
-0.165081318348
-0.315756946207
-0.158686610685
-0.307838144646
-0.151059097549
-0.296505027074
-0.141786071918
-0.280939637997
-0.130247548364
-0.259934631724
-0.115477606994
-0.231633297091
-0.0959376228359
-0.193105731366
-0.0693849952103
-0.140113159598
-0.0355007027077
-0.0721065961916
0
0
