2
1000
33.0188679245
42.2169811321
32.9966160208
42.2154102699
32.9741824833
42.2117126739
32.9515779206
42.2059589204
32.9288129413
42.1982195857
32.905898154
42.1885652462
32.8828971162
42.176236297
32.8599410675
42.1581300102
32.8367486513
42.133716085
32.8124089769
42.1053309597
32.7857229975
42.0745674815
32.7551734074
42.0412381874
32.7201938539
42.0054421791
32.6891109492
41.9780648551
32.6570320362
41.9492038356
32.6239176817
41.9188811877
32.5897281048
41.8871071076
32.5544233953
41.8538830369
32.5179634863
41.8192050769
32.4803081266
41.7830674029
32.4414168533
41.7454656781
32.4012485763
41.7063978723
32.3597603397
41.6658562841
32.3169083969
41.6238306138
32.2726456154
41.5803690348
32.2269149354
41.5357319896
32.179665618
41.4902606667
32.1308683252
41.4442433213
32.0805253845
41.3978169577
32.0286817141
41.3509484436
31.9754311824
41.3035489899
31.9208983422
41.2555344498
31.8652220027
41.2068621614
31.8085892344
41.157585447
31.7512556541
41.1078502798
31.6934185235
41.0577684898
31.635133253
41.0073151333
31.5763767345
40.956398631
31.5164937308
40.9045466388
31.4554427292
40.8517611209
31.3931969936
40.7980770756
31.3297478425
40.7435692365
31.2650969804
40.6883231549
31.1992540398
40.6324207588
31.1322359841
40.5759337666
31.0640664383
40.5189236859
30.9947736874
40.4614389577
30.9243904489
40.4035207037
30.8529582061
40.3451990879
30.7805239583
40.2864937003
30.7071349641
40.2274146236
30.6328334857
40.1679634995
30.5576597214
40.1081415872
30.4816512039
40.0479615595
30.4048213956
39.9874430114
30.3271679376
39.926603662
30.2486902842
39.8654507424
30.1693899488
39.8039728854
30.0892615934
39.7421411499
30.0083013367
39.6799201328
29.9265141161
39.617273877
29.8439196599
39.5541931498
29.7605458122
39.4906789573
29.6764234997
39.426736679
29.5915812284
39.3623977737
29.5060364954
39.2977223851
29.4197899417
39.2327531027
29.3328302056
39.1675339301
29.2451322885
39.1021110474
29.156649116
39.0364842332
29.0673237096
38.9706172587
28.9771076917
38.9044774805
28.8859765272
38.8380645788
28.7939236563
38.7714110725
28.7009459538
38.7045515938
28.6070426488
38.6375138529
28.5122140804
38.5703111855
28.4164524887
38.5029383266
28.3197398748
38.4353700176
28.2220714387
38.3675728535
28.1234556603
38.2995185558
28.0239019553
38.2311949366
27.9234251984
38.1626162772
27.8220594028
38.0938245718
27.7198577709
38.024887099
27.6168982712
37.955903039
27.5132770728
37.886977819
27.4090993675
37.8182155152
27.3044676582
37.7497002414
27.1994705191
37.6814499666
27.0941772601
37.6133965524
26.9886454853
37.5454522979
26.8829255579
37.4775227563
26.7770667514
37.4095165424
26.6711295037
37.3414016248
26.565177139
37.2731961138
26.4592620101
37.2049354183
26.3534070785
37.136648789
26.2476090502
37.0683568897
26.1418595147
37.0000944034
26.0361539182
36.931911065
25.9304989909
36.8638703096
25.8249214593
36.7960364015
25.7194854972
36.7284681279
25.6142791027
36.661216863
25.5093850863
36.5943265552
25.4048733668
36.5278344413
25.3008102197
36.4617640964
25.1972554528
36.3961254769
25.0942551644
36.3309067606
24.9918340101
36.266060737
24.8899994651
36.2015375119
24.7887455762
36.1373005532
24.6880439312
36.0733068577
24.5878542079
36.0095028914
24.4881464577
35.9458673773
24.3889129335
35.882388578
24.2901863815
35.8190641257
24.1920413103
35.7559519
24.0945683512
35.6931509862
23.9978534213
35.6307654438
23.9019578538
35.5688679548
23.8069193753
35.507490189
23.7127617575
35.4466444102
23.6194962102
35.3863195157
23.5271236697
35.3264814296
23.4356342081
35.267080323
23.3450046974
35.2080605854
23.2551832557
35.1493665044
23.1660970642
35.090946531
23.0776716871
35.0327587159
22.9898308439
34.9747688393
22.902488151
34.9169566593
22.8155520562
34.8593158578
22.7289317376
34.8018529256
22.6425425345
34.7445861827
22.5563134224
34.6875252509
22.4701907192
34.6306449839
22.3841509025
34.5739064821
22.298199566
34.5172891101
22.2123558225
34.4607685694
22.1266345887
34.4043342239
22.0410264743
34.3480068342
21.9554934679
34.2917987597
21.8699905747
34.2356865815
21.7844815795
34.179633145
21.6989546485
34.1236187141
21.613423959
34.0676470742
21.5279153316
34.0117259203
21.4424588261
33.9558726941
21.3570828624
33.9001160694
21.2718123579
33.844494297
21.1866668353
33.7890536136
21.1016598096
33.73384112
21.0168042755
33.6788671477
20.932117334
33.6241064319
20.8476226281
33.5695180155
20.7633502729
33.515055759
20.6793367186
33.4606768633
20.5956247003
33.4063501619
20.5122636576
33.3520642772
20.4293057301
33.2978207683
20.3468199752
33.2436422531
20.2648940796
33.1895867124
20.1836177446
33.1357319426
20.1030660637
33.0821599876
20.0232829264
33.0289372296
19.9442873568
32.9760874685
19.8660865159
32.9235798854
19.7886799009
32.8713716889
19.7120645989
32.8194184615
19.6362393872
32.7676739471
19.5612084376
32.7160923154
19.4869803895
32.6646359956
19.4135664534
32.61327902
19.3409813935
32.5620035399
19.2692450826
32.5107934513
19.1983840858
32.4596279585
19.1284333687
32.4084805917
19.0594388339
32.3573477671
18.9914603994
32.30624634
18.9245701484
32.2552007572
18.8588432864
32.2042380227
18.7943476094
32.1533805157
18.7311346322
32.1026403199
18.6692309613
32.0520140226
18.6086392628
32.0015151184
18.5493312518
31.9511968881
18.4912514648
31.9011300169
18.4343336379
31.8513832656
18.3785170849
31.8020041418
18.323762817
31.7529996194
18.2700477619
31.7043279048
18.2173531759
31.6559406919
18.1656618367
31.6077906379
18.114953918
31.5598302127
18.0652056165
31.5120133709
18.0163882331
31.464294783
17.9684718865
31.4166234973
17.9214294844
31.3689418899
17.8752361071
31.3211906446
17.8298683906
31.2733137323
17.7853037428
31.2252689012
17.7415179408
31.177066182
17.6984821013
31.1287646942
17.6561580798
31.0804523263
17.614502269
31.0322257831
17.5734706954
30.9841718477
17.5330245512
30.9363520838
17.4931340668
30.8887860273
17.4537854295
30.8414549546
17.4149818696
30.7942994237
17.3767372982
30.7472112905
17.3390705799
30.7000431863
17.3020025604
30.6526315061
17.2655547622
30.6048243179
17.2297480808
30.556509272
17.1946015752
30.5076335852
17.1601314676
30.4581715774
17.1263499732
30.4081202718
17.0932667738
30.3574926643
17.0608894492
30.3063159974
17.0292232801
30.254629074
16.9982710511
30.2024795704
16.9680328544
30.1499213493
16.9385058928
30.0970117736
16.9096842828
30.0438097129
16.8815590252
29.9903681404
16.8541195945
29.9366973127
16.8273552324
29.8827684895
16.8012560124
29.8285259966
16.7758140809
29.7738998108
16.7510253359
29.7188215855
16.7268894438
29.6632391641
16.7034096138
29.6071306243
16.6805890802
29.5504972738
16.6584268453
29.4933462842
16.6369168761
29.4356921343
16.616052382
29.377568049
16.5958273443
29.3190239591
16.5762363762
29.26011954
16.5572745845
29.2009172514
16.5389374292
29.1414753757
16.5212214677
29.0818397841
16.5041265785
29.0220350341
16.4876554329
28.9620719057
16.4718125131
28.9019493606
16.456603699
28.8416574261
16.4420358557
28.7811800792
16.4281164208
28.7204981307
16.4148529911
28.6595921093
16.4022532019
28.5984443957
16.3903261305
28.5370416465
16.3790818596
28.4753792477
16.3685350822
28.4134569163
16.3587042788
28.3512798525
16.3496094119
28.2888614322
16.3412691841
28.226222459
16.333699957
28.1633919281
16.3269149136
28.1004082595
16.3209232204
28.037320532
16.3157295224
27.9741904578
16.3113385182
27.9111026885
16.3077567877
27.8481609519
16.3049929503
27.785479257
16.3030578235
27.7231730991
16.3019645813
27.6613506642
16.3017289129
27.6001040346
16.302368298
27.539506219
16.3038997913
27.479625806
16.3063397106
27.4205271842
16.3097072709
27.3622685524
16.3140248821
27.304901315
16.3193173695
27.2484697964
16.3256111941
27.1930109538
16.3329336736
27.1385533981
16.3413119109
27.0851163693
16.3507701981
27.0327097237
16.3613292623
26.9813332908
16.3730019045
26.9309813704
16.3857937697
26.8816434578
16.3997054282
26.8333059425
16.4147344573
26.7859538063
16.4308775228
26.7395723221
16.4481324604
26.6941487526
16.4665003571
26.6496739817
16.4859873005
26.6061423569
16.506601265
26.5635406443
16.5283527029
26.5218430649
16.5512540665
26.4810161306
16.5753187765
26.441025156
16.6005601899
26.4018407711
16.6269905683
26.363447021
16.6546200464
26.3258496483
16.683455833
26.2890651132
16.7135029648
26.2531177446
16.7447617196
26.2180382986
16.7772283005
26.1838611316
16.810896598
26.1506210554
16.8457599519
26.1183501929
16.8818129124
26.087075526
16.9190530026
26.0568165461
16.9574818849
26.027582534
16.997102443
25.999375698
17.0379187396
25.9721908884
17.0799346368
25.9460176975
17.123152386
25.9208396382
17.1675712163
25.8966333216
17.2131859242
25.8733676362
17.2599854624
25.8510029257
17.3079515291
25.8294902342
17.3570571671
25.8087714861
17.407267255
25.7887740014
17.4585389912
25.7694160134
17.5108241745
25.7506132537
17.5640720372
25.7322838593
17.618232079
25.7143532802
17.6732569006
25.6967575991
17.7291050199
25.6794420265
17.7857410619
25.6623557153
17.8431307972
25.6454487611
17.9012403348
25.6286740641
17.9600364564
25.6119888731
18.0194869502
25.5953563288
18.0795609457
25.5787470081
18.1402292231
25.5621404674
18.2014637521
25.5455267867
18.2632375765
25.5289071041
18.3255284962
25.5122920272
18.3883187361
25.4957054226
18.4515952418
25.4791810049
18.5153520972
25.4627588124
18.5795931479
25.4464816827
18.6443295289
25.4303917283
18.709577089
25.4145268122
18.7753538144
25.3989170234
18.841677025
25.3835820936
18.9085578562
25.3685434494
18.9760028172
25.3538277917
19.044015804
25.3394630535
19.11259893
25.3254743582
19.1817533569
25.3118799784
19.2514801259
25.2986872934
19.3217803022
25.2858888381
19.392655138
25.2734688715
19.4641096939
25.2614085986
19.5361518446
25.2496865299
19.6087902066
25.2382791596
19.6820320663
25.2271616429
19.755880946
25.2163073512
19.8303298466
25.2056737648
19.9053604106
25.1952040027
19.9809438659
25.1848377284
20.0570433734
25.1745199285
20.1336190165
25.1642052435
20.210632822
25.153865221
20.2880540674
25.1434934649
20.3658751212
25.1330918624
20.4441013199
25.1226668033
20.5227345327
25.1122294012
20.6017760354
25.1017957615
20.681239527
25.0913935951
20.7611500136
25.0810578393
20.8415356072
25.0708252118
20.9224198134
25.0607304429
21.0038151326
25.0508020298
21.0857223616
25.0410447951
21.1681320218
25.031434892
21.2510270835
25.0219334921
21.3343873119
25.0124997646
21.4181919218
25.0030976092
21.5024221492
24.9937023875
21.5870637918
24.9843071658
21.6721075167
24.974911944
21.7575467075
24.9655178455
21.8433803723
24.9561419012
21.9296111487
24.9468161986
22.0162416305
24.9375776291
22.1032697994
24.9284535907
22.1906851501
24.9194455607
22.2784641645
24.9105256191
22.3665631926
24.9016369235
22.4549056881
24.8927131065
22.5434006076
24.8836876818
22.6319672253
24.8744994469
22.7205423478
24.8650945618
22.8090757522
24.8554158623
22.8975287749
24.8454007416
22.9858728475
24.8349851646
23.0740892123
24.8241076813
23.1621685076
24.8127139186
23.2501046514
24.8007742668
23.3378893314
24.7882893746
23.4255163997
24.7752774319
23.512979545
24.7617605041
23.6002701283
24.7477569288
23.6873750193
24.7332737132
23.7742744635
24.7182994212
23.8609425438
24.7028151964
23.9473548137
24.6868156105
24.033490067
24.6703069405
24.1193302108
24.6532987657
24.2048628219
24.635791864
24.290079064
24.6177745255
24.3749678001
24.5992288526
24.4595079456
24.5801263271
24.5436502968
24.5604404517
24.627325322
24.540149399
24.7104573977
24.5192345746
24.7929683579
24.4976736356
24.874765544
24.4754376455
24.9557408899
24.452496619
25.0357815945
24.4288200945
25.114779906
24.4043775189
25.1926415921
24.379139108
25.2692887112
24.3530899043
25.3446602733
24.3262314771
25.4187115028
24.2985753204
25.4914026029
24.2701357797
25.5626949967
24.2409245773
25.6325487685
24.2109447177
25.7009201364
24.1801843441
25.7677611567
24.1486276021
25.8330219155
24.1162605434
25.8966484278
24.0830564339
25.958585689
24.0489766989
26.0187823747
24.0139785484
26.0771927804
23.9780287453
26.1337805466
23.9411197523
26.1885220855
23.9032714116
26.2414123984
23.8645284917
26.2924816315
23.8249400604
26.3417805737
23.7845500792
26.3893596056
23.7433921126
26.4352566265
23.7014928601
26.4795002716
23.6588803555
26.5221102426
23.6155843292
26.5630959069
23.571637182
26.6024484023
23.5270761671
26.6401420578
23.4819390317
26.6761428218
23.4362457789
26.7104165372
23.3899925327
26.7429257424
23.3431529802
26.7736330753
23.2956814718
26.8025025706
23.2475045597
26.8294901897
23.1984856206
26.8545557242
23.1484826532
26.877675631
23.0974015088
26.8988447447
23.0452067535
26.9180654893
22.9918777483
26.9353436402
22.9374090367
26.950681653
22.8818150318
26.9640766316
22.8251262866
26.9755221015
22.7673757774
26.9850119276
22.7085976128
26.9925452503
22.6488279614
26.9981309172
22.5881060804
27.0017917771
22.5264742051
27.0035603395
22.4639829544
27.0034779013
22.4006925986
27.0015967753
22.3366659394
26.9979762229
22.2719661594
26.9926801156
22.2066540634
26.9857810929
22.1407841081
26.9773555345
22.0744064979
26.9674772265
22.0075699626
26.9562132892
21.9403247895
26.943630246
21.8727263268
26.9297939733
21.8048372288
26.9147716001
21.7367428749
26.8986431663
21.6685949237
26.8814918696
21.6005617426
26.8633911459
21.5327663978
26.8444000265
21.4652708478
26.8245709365
21.3981218552
26.8039509446
21.3313525894
26.7825854446
21.2649799296
26.7605174231
21.199007744
26.7377852692
21.1334317556
26.7144167053
21.0682442101
26.6904257509
21.0034376388
26.6658116956
20.9390067048
26.64055821
20.8749499304
26.6146410905
20.8112658803
26.5880342465
20.7479502022
26.5607110855
20.6849955328
26.532647783
20.6223906042
26.5038330469
20.5601181405
26.4742686981
20.4981588193
26.4439689443
20.4364959163
26.412959653
20.3751199487
26.3812765991
20.314033179
26.3489597482
20.2532539989
26.3160526263
20.1928335552
26.2826129466
20.1328986117
26.2487028392
20.0736008701
26.2143759255
20.01505385
26.179672668
19.9573159721
26.1446281623
19.9004353591
26.1092730237
19.8444508295
26.0736341717
19.7893922919
26.0377356149
19.7352811406
26.0015973548
19.6821310979
25.9652340035
19.6299487798
25.9286598296
19.5787331449
25.8918903146
19.5284747882
25.8549422097
19.4791562959
25.8178335939
19.430752629
25.7805839316
19.3832315068
25.7432121314
19.3365526878
25.7057271078
19.2906648026
25.6681263153
19.2455108494
25.6303892967
19.2010358818
25.5924804161
19.1571886312
25.5543528982
19.1139224474
25.5159528685
19.0711962387
25.4772242652
19.0289753993
25.4381111489
18.9872261609
25.3985542502
18.9458954208
25.3584794398
18.9048647882
25.3178076125
18.8639977607
25.2764677348
18.8231993401
25.2344016185
18.7824294444
25.1915562504
18.7416546022
25.1478844863
18.7008418153
25.1033475613
18.6599542302
25.057914836
18.618952553
25.011565616
18.5777961996
24.964294749
18.5364455551
24.9161109397
18.4948659276
24.8670329915
18.4530322081
24.8170860286
18.4109334769
24.7662969234
18.3685707501
24.714691443
18.3259538227
24.6622944649
18.2831026324
24.6091376886
18.2400510719
24.5552574917
18.1968429379
24.5006912745
18.1535268972
24.445473807
18.1101514533
24.3896335737
18.0667599129
24.3331901357
18.0233855486
24.2761546258
17.9800489623
24.2185329724
17.9367607683
24.1603288713
17.8935252678
24.101543734
17.8503421152
24.042176627
17.8072079807
23.9822242114
17.7641182131
23.921680682
17.7210685027
23.860537075
17.6780559378
23.7987796352
17.6350809676
23.7363911082
17.5921511503
23.6733569904
17.5492789492
23.609671483
17.5064800759
23.5453359901
17.4637725837
23.4803613088
17.421176187
23.4147668033
17.3787093603
23.3485773346
17.3363848361
23.2818209835
17.2942119598
23.2145270517
17.2522010507
23.1467304918
17.2103667924
23.078466479
17.1687237598
23.0097596983
17.1272777429
22.9405777313
17.0859854146
22.8708554805
17.0447723449
22.8005420225
17.0035698704
22.7296437378
16.9623496059
22.6581939105
16.9211003966
22.5862311523
16.8798118174
22.5137988914
16.83847503
22.4409448619
16.7970836404
22.3677205923
16.7556345556
22.2941808948
16.7141288416
22.2203833544
16.67257258
22.1463869916
16.6309799714
22.0722486941
16.5893759606
21.9980187731
16.5477893823
21.9237391166
16.5062451143
21.8494384445
16.4647610827
21.7751312453
16.4233443479
21.7008170799
16.3819869944
21.6264844183
16.3406644659
21.5521175288
16.2993424206
21.477701648
16.2579844916
21.4032226961
16.2165515944
21.3286607325
16.1749970286
21.2539959997
16.1332721452
21.1792202521
16.0913362163
21.1043839854
16.0491979608
21.0295726286
16.0068987242
20.9548603174
15.964476747
20.8802673584
15.9219316668
20.8057897953
15.8792450686
20.7314218774
15.8363961293
20.6571565549
15.7933615052
20.5829869843
15.7501159143
20.5089080345
15.7066327189
20.4349177926
15.6628845083
20.3610197013
15.6188442873
20.2872256371
15.5744857588
20.213556063
15.5297818204
20.1400361023
15.4847093077
20.0666871406
15.439254545
19.9935227524
15.3934120913
19.9205455166
15.3471830975
19.8477483319
15.3005760881
19.7751179737
15.2536093433
19.7026378605
15.2063064233
19.6302925389
15.1586907916
19.558075658
15.1107878272
19.4859971469
15.0626298387
19.4140896662
15.014261226
19.3424503059
14.9657747738
19.2712112452
14.9172895993
19.2004879843
14.8689102448
19.1303304257
14.82068814
19.060749606
14.7726468592
18.9917378054
14.72480291
18.9232639443
14.6771691562
18.8552780498
14.6297561198
18.7877171803
14.5825720422
18.7205113507
14.5356229437
18.6535894578
14.4889126848
18.586884574
14.4424424193
18.5203397416
14.3962093133
18.453911842
14.3502083341
18.3875679421
14.304436548
18.3212869217
14.2588931986
18.2550603427
14.2135803902
18.1888929973
14.1685035427
18.1227989572
14.1236694225
18.0567953684
14.0790825133
17.9908962915
14.0347411248
17.9251112386
13.9906294303
17.8594431286
13.9467193155
17.7938824321
13.902973618
17.7283993122
13.8593465198
17.6629005185
13.8157528066
17.5972572197
13.7720952777
17.5313513431
13.7283007503
17.4651221716
13.6843526163
17.3985388613
13.6402652836
17.3315802492
13.5960631069
17.2642428404
13.5517757067
17.1965400673
13.5074340041
17.1284990802
13.4630668013
17.0601571111
13.4186974001
16.9915534675
13.3743415517
16.922722345
13.3300070707
16.8536863194
13.2856935568
16.7844564057
13.2413920411
16.7150396352
13.1970827566
16.6454397112
13.1527387425
16.5756570769
13.1083296613
16.5056891776
13.0638254541
16.4355341913
13.0191972538
16.3651927294
12.9744191305
16.2946680705
12.9294710227
16.2239616675
12.8843457019
16.1530687639
12.8390446419
16.0819791485
12.793571624
16.0106785644
12.7479268664
15.9391492834
12.7021005657
15.8673684158
12.656064524
15.7953164116
12.6097777564
15.7229833382
12.5631938135
15.6503730377
12.5162642456
15.5775092507
12.4689402609
15.5044326703
12.421176503
15.4311965369
12.3729360711
15.3578594875
12.3241943914
15.284474173
12.2749401774
15.2110835958
12.2251757268
15.1377167472
12.1749155917
15.0643891469
12.1241858096
14.9911065172
12.073021928
14.9178661745
12.0214656645
14.8446597715
11.9695603498
14.7714786018
11.9173477089
14.6983179467
11.8648661513
14.6251762544
11.8121517816
14.5520562994
11.7592388395
14.4789654507
11.7061672159
14.4059152846
11.652981914
14.3329222752
11.5997284186
14.2600067149
11.5464476919
14.187189607
11.4931651756
14.1144920483
11.4398816707
14.0419440496
11.3865859406
13.9695839814
11.3332647767
13.8974545787
11.2799087309
13.8255985123
11.2265179556
13.7540481631
11.1731050871
13.6828195207
11.1196876335
13.6119103891
11.0662848577
13.5413018562
11.0129160162
13.470968789
10.9596001394
13.4008861628
10.9063534816
13.3310346066
10.853186826
13.2614003816
10.8001021268
13.1919738005
10.7470828651
13.1227507964
10.6940887216
13.0537322513
10.6410646053
12.984920595
10.5879489518
12.9163137002
10.5346834179
12.8479025064
10.481221763
12.7796701105
10.4275375448
12.7115932354
10.3736230808
12.643645853
10.3194798313
12.5758016548
10.2651160631
12.5080360238
10.2105492224
12.4403302155
10.1558143644
12.3726762455
10.1009734032
12.3050684352
10.0461010306
12.2374971663
9.99126886893
12.1699449802
9.93653277738
12.1023702345
9.88188250849
12.0347111015
9.82724862427
11.9669062235
9.77255674661
11.8989143015
9.71777148364
11.8307131386
9.66286945776
11.762291125
9.60782631867
11.6936428622
9.55261781373
11.6247654513
9.49722096326
11.555654782
9.44161523584
11.4863002464
9.38579121334
11.4166778516
9.32975424501
11.3467472921
9.2735163239
11.2764568626
9.21709460366
11.2057536914
9.16050739424
11.1345919456
9.10377098921
11.0629396183
9.04689742069
10.9907844834
8.98989226722
10.9181263684
8.93275768384
10.8449728774
8.87549469459
10.771340024
8.81810876593
10.6972504724
8.7606136982
10.622726264
8.7030240538
10.5477877979
8.64535125739
10.4724537075
8.58760027798
10.396742386
8.52976619874
10.3206896471
8.47187363837
10.2443476624
8.41397589554
10.1677688149
8.35611093551
10.0909886926
8.29826241366
10.0140291095
8.24039139121
9.93690431466
8.18245539733
9.8596238813
8.12441509806
9.7821955948
8.06624096526
9.70462672853
8.00792741871
9.62692000395
7.94950059731
9.54907800877
7.89101224376
9.47111080992
7.83253230369
9.3930359136
7.77413468023
9.3148763709
7.71588276811
9.23665888353
7.65781498774
9.15841183952
7.59993104746
9.08016231605
7.5421954255
9.00193681376
7.48454809388
8.92376093326
7.42691311183
8.84565762746
7.36920089163
8.76764700969
7.31131155991
8.68974931402
7.25314767017
8.61198787011
7.19462696397
8.53439228005
7.13569573063
8.45701259028
7.07638052631
8.37991104077
7.01678163753
8.30314114171
6.95701483933
8.22673389755
6.89715811679
8.15070615872
6.83727478385
8.0750679974
6.77742448484
7.99982665778
6.71766176784
7.92499050628
6.65803465799
7.85057298183
6.59858323084
7.77659815898
6.53933071257
7.70311265284
6.48028261389
7.63018582712
6.42143789902
7.55789743912
6.36278998125
7.48632249315
6.30432535803
7.41552159624
6.24602785683
7.3455322087
6.18788375067
7.27636072688
6.12988682071
7.20798857688
6.07203832554
7.14038385667
6.014349973
7.07350806282
5.9568452974
7.00731983142
5.89955937582
6.94177569928
5.84253578499
6.87682843267
5.7858205138
6.81242773524
5.72945763536
6.74851930987
5.67348509484
6.68502939608
5.61789185226
6.62187162098
5.56262438979
6.55896669413
5.50763201603
6.49625699883
5.45291207362
6.43370025337
5.39847833861
6.37126419602
5.344344351
6.30892432939
5.29052021263
6.24666166483
5.23700938494
6.18446050609
5.18380550344
6.12231099539
5.13089221935
6.06020544201
5.07824257082
5.99813402688
5.0258203344
5.93608835908
4.97358554461
5.87406730808
4.92150432738
5.81207711477
4.86955519684
5.7501306076
4.81773448236
5.68824598463
4.76606120961
5.62644237948
4.7145727948
5.56473698341
4.66331816164
5.5031422185
4.61235171485
5.44166293337
4.561727298
5.38029695287
4.51149401958
5.31903832004
4.46169386375
5.2578781583
4.41235745119
5.19680697765
4.36349908549
5.13581906189
4.31511279615
5.07491287068
4.26717275246
5.01408810772
4.21964018706
4.95334545592
4.17246731155
4.8926858531
4.12560063394
4.83210912467
4.07898502743
4.77161293971
4.03256706544
4.71119176707
3.98629835667
4.6508357921
3.9401388635
4.59052507104
3.89405719323
4.53022887648
3.84802969684
4.46991009339
3.8020407376
4.40953086461
3.75608554218
4.3490566263
3.7101685056
4.28845982308
3.66429902757
4.2277236231
3.61848734874
4.16684530501
3.57274025811
4.10583064519
3.52705453545
4.04468968498
3.48141417836
3.98343548356
3.43578929051
3.92208582814
3.39013774472
3.86066521734
3.34441034313
3.7991994652
3.2985545708
3.73771497263
3.25251987446
3.6762384324
3.20626305832
3.61479653405
3.15975367991
3.55341607187
3.11297876313
3.49212717903
3.06594117875
3.43096275993
3.01866173175
3.36995722829
2.97117968734
3.30914620648
2.92354869244
3.24856626767
2.87583239203
3.188254678
2.82810004539
3.12824913871
2.78042214244
3.06858748955
2.73286596682
3.00930588557
2.68548920401
2.95043728203
2.63833944833
2.89200973629
2.59145493296
2.83404705454
2.54486577868
2.77656997783
2.49859563716
2.71959736814
2.45266333419
2.66314739441
2.40708451295
2.60723871864
2.36187327727
2.55189168189
2.31704383488
2.49712946776
2.27261215639
2.44297591196
2.22859576594
2.38945240427
2.18501218572
2.33658191099
2.14188013718
2.28438833039
2.09921930749
2.2328954148
2.05704999888
2.18212569272
2.01539277803
2.1320993909
1.97426812547
2.08283333718
1.9336965044
2.03434113918
1.89369782417
1.98663400595
1.85429015238
1.93972124624
1.81548916067
1.89361076685
1.77730757062
1.84830957086
1.73975459954
1.80382425594
1.70283540633
1.76016155146
1.66655059049
1.71733097819
1.63089869955
1.67534822151
1.59587749036
1.63423383258
1.56148307371
1.59401135505
1.52771065784
1.55470545182
1.49455529203
1.51634003184
1.46201261001
1.47893637677
1.4300795736
1.4425112678
1.39875521612
1.40707511237
1.36804138602
1.37263009352
1.33794347458
1.3391704783
1.30847069132
1.30668792655
1.27963598616
1.27517212794
1.25145444294
1.24461100549
1.22394155585
1.21499091919
1.19711150592
1.18629686957
1.17097543737
1.1585127013
1.14553973416
1.13162135482
1.12080383221
1.10560494804
1.09675798277
1.08044426297
1.07338458114
1.05611818953
1.05065980069
1.03260316936
1.0285552268
1.00987263962
1.00703949088
0.987896515605
0.986079957547
0.966642187529
0.965646525285
0.946074246736
0.945713550651
0.926152273424
0.926256436391
0.906832000862
0.907251237492
0.888066835053
0.888674742457
0.869809374396
0.870504554581
0.852012929343
0.852719173235
0.834633042065
0.835298075136
0.81762900611
0.818221795629
0.800965386066
0.801472009964
0.784613537222
0.785031614573
0.768551340427
0.768884369876
0.752758196399
0.753013636305
0.737214691202
0.737402548735
0.72190269509
0.72203430795
0.706805461352
0.706892472106
0.691907725152
0.6919612482
0.677195802373
0.677225783532
0.662657688458
0.662672457171
0.648283157258
0.648289171424
0.63406385987
0.634065643295
0.619993423481
0.619993695957
0.606067550213
0.606067550213
0.592284115963
0.592284115963
0.578643230462
0.578643230462
0.565145783115
0.565145783115
0.551792663327
0.551792663327
0.538584760504
0.538584760504
0.525522964051
0.525522964051
0.512608163373
0.512608163373
0.499841247875
0.499841247875
0.487223106962
0.487223106962
0.474754630041
0.474754630041
0.462436706515
0.462436706515
0.45027022579
0.45027022579
0.438256077273
0.438256077273
0.426395150366
0.426395150366
0.414688334477
0.414688334477
0.40313651901
0.40313651901
0.391740593371
0.391740593371
0.380501446964
0.380501446964
0.369419969196
0.369419969196
0.358497049471
0.358497049471
0.347733577194
0.347733577194
0.337130441771
0.337130441771
0.326688532607
0.326688532607
0.316408739107
0.316408739107
0.306291950676
0.306291950676
0.296339056721
0.296339056721
0.286550946645
0.286550946645
0.276928509855
0.276928509855
0.267472635755
0.267472635755
0.258184213751
0.258184213751
0.249064133248
0.249064133248
0.240113283651
0.240113283651
0.231332554365
0.231332554365
0.222722834797
0.222722834797
0.21428501435
0.21428501435
0.206019982431
0.206019982431
0.197928628444
0.197928628444
0.190011841794
0.190011841794
0.182270511888
0.182270511888
0.17470552813
0.17470552813
0.167317779925
0.167317779925
0.16010815668
0.16010815668
0.153077547798
0.153077547798
0.146165573553
0.146165573553
0.139375118871
0.139375118871
0.132709104252
0.132709104252
0.126170485775
0.126170485775
0.119762255092
0.119762255092
0.113487439435
0.113487439435
0.107349101609
0.107349101609
0.101350339996
0.101350339996
0.0954942885552
0.0954942885552
0.0897841168215
0.0897841168215
0.0842230299057
0.0842230299057
0.0788142684951
0.0788142684951
0.073561108853
0.073561108853
0.0684668628192
0.0684668628192
0.0635348778095
0.0635348778095
0.058768536816
0.058768536816
0.0541712584069
0.0541712584069
0.0497464967267
0.0497464967267
0.0454977414961
0.0454977414961
0.0414285180121
0.0414285180121
0.0375423871476
0.0375423871476
0.0338429453521
0.0338429453521
0.0303338246512
0.0303338246512
0.0270186926464
0.0270186926464
0.0228504534745
0.0228504534745
0.0190188431025
0.0190188431025
0.0155274191516
0.0155274191516
0.0123797392425
0.0123797392425
0.00957936099647
0.00957936099648
0.00712984203434
0.00712984203435
0.00503473997714
0.00503473997715
0.00329761244588
0.00329761244589
0.00192201706155
0.00192201706155
0.000911511445118
0.000911511445125
0.000269653217607
0.000269653217607
0
0
