2
1000
-0.279329608939
41.3407821229
-0.279556820795
41.329295516
-0.280126622491
41.3181871838
-0.281070776819
41.3074682642
-0.282421046572
41.2971498953
-0.284209194544
41.287243215
-0.286466983528
41.2777593614
-0.289226176317
41.2687094725
-0.292518535705
41.2601046863
-0.296375824484
41.2519561408
-0.300829805449
41.244274974
-0.305912241392
41.2370723239
-0.312264955695
41.2303550637
-0.317572927017
41.222543639
-0.323652910922
41.2149768909
-0.330591372319
41.2076529781
-0.338447443181
41.2005696649
-0.347268286331
41.1937243187
-0.357094070521
41.1871139082
-0.367959826611
41.1807350006
-0.379897303749
41.1745837596
-0.392936825546
41.1686559431
-0.40710914626
41.1629469007
-0.422447306967
41.1574515718
-0.43898849175
41.1521644832
-0.456776004974
41.1470797465
-0.475859663649
41.1421910566
-0.496293336369
41.1374916883
-0.518132321562
41.1329744951
-0.541430725733
41.1286319063
-0.566238841714
41.1244559251
-0.592600623506
41.1204381258
-0.620554078781
41.1165696521
-0.650133077143
41.1128412146
-0.681368762917
41.1092430884
-0.71429096794
41.105765111
-0.748833881348
41.1023972672
-0.78470611679
41.0991310158
-0.82211396544
41.0960464398
-0.861006518015
41.0931386213
-0.901356738136
41.0904025857
-0.943167781778
41.0878333016
-0.986455702138
41.0854256806
-1.0312425432
41.0831745777
-1.0775525522
41.0810747909
-1.12541044097
41.0791210615
-1.17484218707
41.0773080739
-1.22587269315
41.0756304555
-1.27852336585
41.0740827773
-1.33280969469
41.0726595531
-1.38873870978
41.07135524
-1.44630802456
41.0701642383
-1.5055077319
41.0690808914
-1.56632246086
41.068099486
-1.62873300873
41.0672142518
-1.69271827235
41.0664193619
-1.75825927121
41.0657089323
-1.82534035226
41.0650770224
-1.89393163291
41.0645177334
-1.96396673478
41.0640253767
-2.03535428835
41.0635944782
-2.10798994886
41.0632197814
-2.18176991452
41.0628962489
-2.2566010263
41.0626190653
-2.33240707787
41.0623836388
-2.40913276509
41.0621856044
-2.48672618912
41.0620208251
-2.56513204468
41.0618853951
-2.64429500533
41.0617756415
-2.72416227558
41.0616881267
-2.80468154348
41.061619651
-2.8857963935
41.0615672542
-2.96744486106
41.0615282186
-3.04955806756
41.0615000709
-3.1320587344
41.0614805843
-3.2148608612
41.0614694386
-3.29787102992
41.0614758528
-3.38099245021
41.0615176868
-3.46412935359
41.0616192696
-3.54719181264
41.0618092278
-3.63010016411
41.0621183131
-3.71278432605
41.0625772305
-3.79518159981
41.0632144664
-3.87725221363
41.0640540182
-3.95899997082
41.0651130537
-4.04045912716
41.0663997347
-4.12168237758
41.0679144398
-4.2027278923
41.0696571691
-4.28364400841
41.0716279226
-4.36445865507
41.0738267003
-4.4451745298
41.0762535021
-4.52578788938
41.0789083281
-4.60629673992
41.0817911783
-4.68669882996
41.0849020526
-4.76699232587
41.0882409511
-4.84717837569
41.0918078738
-4.92726328061
41.0956028206
-5.00726074434
41.0996257917
-5.08719453979
41.1038767869
-5.1671057702
41.1083558062
-5.24705062183
41.1130611923
-5.32709366483
41.1179819999
-5.40729841307
41.1230988962
-5.48772434288
41.1283863349
-5.56842916416
41.1338147308
-5.64946416873
41.1393526335
-5.73087238907
41.1449689021
-5.81268817273
41.1506348788
-5.89493636138
41.1563265639
-5.97762946633
41.1620353556
-6.06076498833
41.1677783782
-6.14432283098
41.1735917904
-6.22826559674
41.1795178427
-6.31254830488
41.1855989613
-6.39712703724
41.1918722102
-6.48196550003
41.1983637537
-6.56704128967
41.2050833215
-6.65234607984
41.2120309134
-6.73788344218
41.2192065294
-6.82366492762
41.2266101697
-6.90970681001
41.2342418341
-6.99602722208
41.2421015227
-7.08264321346
41.2501892354
-7.16956739151
41.2585049723
-7.25680073155
41.267047076
-7.34433953887
41.2758046011
-7.43218255171
41.284758215
-7.5203366339
41.2938823713
-7.60881565955
41.3031474847
-7.69763414528
41.312522105
-7.78680788336
41.3219750911
-7.87635311018
41.3314777854
-7.96628569901
41.3410061881
-8.05662114778
41.3505431312
-8.14737657043
41.360071887
-8.23857092322
41.3695667905
-8.33022296537
41.3789913043
-8.4223482771
41.3883031781
-8.51495397116
41.3974599857
-8.60803938694
41.4064246629
-8.70159682264
41.4151710454
-8.79561247919
41.4236894037
-8.89007348286
41.4319797379
-8.98498410613
41.440042048
-9.08037043337
41.4478763338
-9.17625308366
41.4554825955
-9.27262788982
41.462860833
-9.36948308191
41.4700110463
-9.46679856102
41.4769332355
-9.56455046155
41.4836290579
-9.66271273178
41.4901094589
-9.76126139931
41.4963937711
-9.8601692836
41.5025075409
-9.95940040745
41.5084803535
-10.0589201378
41.5143436593
-10.1587054116
41.5201285994
-10.2587565341
41.5258638311
-10.3591227419
41.5315733545
-10.459917135
41.5372657714
-10.5612848269
41.5429239573
-10.6633685291
41.5485117536
-10.7662747124
41.5539869098
-10.8700731693
41.5593069998
-10.974822729
41.5644349595
-11.0805748425
41.5693446244
-11.1873771292
41.5740262652
-11.2952758783
41.5784798819
-11.4043150418
41.5827054743
-11.5145174862
41.5867030426
-11.625876141
41.5904725867
-11.7383770906
41.5940141067
-11.8520147088
41.5973276024
-11.966779684
41.600413074
-12.0826724064
41.6032705215
-12.1997004031
41.6058999447
-12.3178730524
41.6083013438
-12.4371969788
41.6104747188
-12.557676697
41.6124200695
-12.6793207073
41.6141373961
-12.8021343631
41.6156266985
-12.9261142449
41.6168879767
-13.051242509
41.6179212308
-13.1774673968
41.6187264607
-13.3046882261
41.6193122325
-13.4327815871
41.6197038324
-13.5616316684
41.6199377978
-13.6911668129
41.620056379
-13.8213671617
41.6201020023
-13.9522337012
41.6201117318
-14.0837730275
41.6201117318
-14.2159822429
41.6201117318
-14.3488378325
41.6201117318
-14.4822756419
41.6201117318
-14.6161900727
41.6201117318
-14.7504703052
41.6201117318
-14.8850285657
41.6201117318
-15.0197914738
41.6201117318
-15.1546954306
41.6201117318
-15.2896766633
41.6201117318
-15.4246704041
41.6201117318
-15.5596138747
41.6201117318
-15.6944538443
41.6201117318
-15.8291546521
41.6201117318
-15.9636901814
41.6201117318
-16.0980332727
41.6201117318
-16.2321435683
41.6201117318
-16.3659405654
41.6201117318
-16.4992853052
41.6201117318
-16.6320134596
41.6201117318
-16.7639749647
41.6201117318
-16.8950742123
41.6201117318
-17.0252748886
41.6201117318
-17.1545630405
41.6201117318
-17.2829343954
41.6201117318
-17.4103820038
41.6201117318
-17.5368840809
41.6201117318
-17.6624064098
41.6201117318
-17.7869334681
41.6201117318
-17.9104927911
41.6201117318
-18.033151355
41.6201117318
-18.1550119542
41.6201117318
-18.2761990042
41.6201117318
-18.3968217349
41.6201117318
-18.5169499422
41.6201117318
-18.6366349552
41.6201117318
-18.755916008
41.6201117318
-18.8748243603
41.6201117318
-18.9933875177
41.6201117318
-19.1116411389
41.6201117318
-19.2296314684
41.6201117318
-19.3474127157
41.6201117318
-19.4650586754
41.6201117318
-19.5826716765
41.6201117318
-19.7003617991
41.6201117318
-19.8182216714
41.6201117318
-19.936294298
41.6201117318
-20.0545618838
41.6201117318
-20.1729746852
41.6201117318
-20.2914701361
41.6201117318
-20.4099931489
41.6201117318
-20.5285127584
41.6201117318
-20.6470229447
41.6201117318
-20.7655284011
41.6201117318
-20.884028754
41.6201117318
-21.0024952862
41.6201117318
-21.1208527536
41.6201117318
-21.2390066495
41.6201117318
-21.356884499
41.6201117318
-21.4744634433
41.6201117318
-21.5917495844
41.6201117318
-21.7087673402
41.6201117318
-21.8255460086
41.6201117318
-21.9421158156
41.6201117318
-22.0584997693
41.6201117318
-22.1747115922
41.6201117318
-22.2907597299
41.6201117318
-22.4066551888
41.6201117318
-22.5224140539
41.6201117318
-22.6380471086
41.6201117318
-22.7535592754
41.6201117318
-22.8689436613
41.6201117318
-22.9841907424
41.6201117318
-23.0992952964
41.6201117318
-23.2142598799
41.6201079292
-23.3290966547
41.6200777791
-23.4438224317
41.6199837496
-23.5584491531
41.6197794296
-23.6729731177
41.619415638
-23.7873567088
41.6188465328
-23.9015177634
41.618033735
-24.0153577415
41.6169350219
-24.1287959614
41.6155050243
-24.2417904096
41.6136996644
-24.3543132639
41.6114805952
-24.4663413922
41.6088196385
-24.5778502373
41.6057032238
-24.6888082611
41.6021307608
-24.799167059
41.5981022494
-24.9088649729
41.5936176897
-25.0178390932
41.5886770816
-25.1260360637
41.5832804253
-25.2334190723
41.5774277205
-25.3399635137
41.5711189674
-25.4456527443
41.564354166
-25.5504720063
41.5571299853
-25.6544202196
41.5494235246
-25.7575104039
41.5411936526
-25.859763208
41.5323851462
-25.9611992522
41.522936631
-26.0618324459
41.5127996589
-26.161673416
41.5019390923
-26.2607358174
41.490331133
-26.3590426331
41.4779612289
-26.4566396499
41.4648144206
-26.5536051837
41.4508671909
-26.65002639
41.4360978725
-26.7459670067
41.4204850523
-26.8414435929
41.4040022337
-26.9364461
41.3866124986
-27.0309469197
41.3682622288
-27.1249034818
41.3488693004
-27.218259199
41.328327794
-27.3109528393
41.3065259103
-27.4029252573
41.2833520856
-27.4941211909
41.2587005175
-27.5844912281
41.2324766904
-27.6740005744
41.2045989452
-27.762649117
41.1749904203
-27.8504581057
41.143578387
-27.9374562071
41.1102974544
-28.0236598031
41.0751056833
-28.1090576195
41.0379831201
-28.19359948
40.9989313372
-28.2772157101
40.9579842376
-28.3598381045
40.9151998116
-28.441401323
40.8706492967
-28.5218442874
40.8244063385
-28.6011115884
40.7765362748
-28.6791555333
40.7270949627
-28.7559364713
40.6761435196
-28.8314180789
40.623747933
-28.9055665404
40.5699749282
-28.97835005
40.5148879425
-29.0497464133
40.4585466451
-29.1197447523
40.4010051233
-29.1883453601
40.3423197003
-29.2555611615
40.2825570672
-29.3214141804
40.2217881718
-29.3859286729
40.160081518
-29.4491242605
40.0974964637
-29.5110090637
40.0340765204
-29.5715665939
39.9698466076
-29.6307426846
39.9048190966
-29.6884713422
39.8389850661
-29.7446860134
39.7723326864
-29.7993314605
39.7048537824
-29.8523765009
39.6365475991
-29.9038265367
39.5674207632
-29.9537066323
39.4974759782
-30.0020426389
39.4267160627
-30.0488618883
39.3551364874
-30.0941938984
39.2827260007
-30.1380713975
39.209475953
-30.1805300079
39.1353881175
-30.2216052888
39.0604639532
-30.2613322983
38.9847058719
-30.2997554494
38.9081241843
-30.3369344592
38.8307439254
-30.3729315561
38.7526071954
-30.4078085671
38.6737833031
-30.4416261426
38.5943643537
-30.4744412297
38.5144476305
-30.5063011069
38.4341297773
-30.5372373011
38.3535015701
-30.5672683071
38.2726425721
-30.596403649
38.1916209812
-30.6246328244
38.1105041614
-30.6519364854
38.0293626261
-30.6782897289
37.9482808762
-30.7036760588
37.8673405709
-30.7281004907
37.786615519
-30.7516063153
37.706169674
-30.7742671493
37.6260537176
-30.7961640004
37.5463000786
-30.8173813103
37.4669218492
-30.838002997
37.3879257961
-30.8581084862
37.3093172844
-30.8777684235
37.2310965024
-30.8970414076
37.1532542048
-30.9159711977
37.0757705836
-30.9345897425
36.9986130753
-30.9529184705
36.9217329961
-30.970955303
36.845062407
-30.9886783358
36.7685142799
-31.0060508094
36.6919790985
-31.0230295334
36.6153319072
-31.039574337
36.5384418029
-31.0556575196
36.4611694826
-31.0712733009
36.3833718615
-31.0864384704
36.3049322811
-31.1011955766
36.2257829099
-31.1156524215
36.1458882553
-31.1299546512
36.0652475683
-31.1442542844
35.9838863837
-31.1586815856
35.9018423026
-31.1733169394
35.8191507745
-31.1881757046
35.7358355901
-31.2032396034
35.651905889
-31.2184799907
35.5673511856
-31.2338616652
35.4821501586
-31.2493466807
35.396271476
-31.2649160672
35.3096669412
-31.2805876188
35.2222710737
-31.296401411
35.1340156869
-31.3124051157
35.044844552
-31.3286238559
34.9547271858
-31.3450359776
34.8636667552
-31.3616145762
34.7716884487
-31.3783379614
34.6788348999
-31.3951919543
34.5851612001
-31.4121721839
34.4907299119
-31.4292863838
34.3956060817
-31.4465571918
34.2998644439
-31.4640321385
34.2035982617
-31.4817714268
34.1068965477
-31.4998327488
34.009818235
-31.5182350404
33.9123945441
-31.5369663051
33.8146198474
-31.5559943448
33.7164539352
-31.5752754387
33.6178281059
-31.5947804255
33.5186323045
-31.6144905458
33.4187434427
-31.6343771547
33.3180647077
-31.6544050507
33.2165514046
-31.6745362877
33.1141846545
-31.6947339855
33.0109674914
-31.7149482307
32.9069292613
-31.7351059118
32.8021235881
-31.7551328231
32.6966113488
-31.7749701497
32.5904487662
-31.7945924409
32.4836810872
-31.8140216015
32.3763365631
-31.8332933893
32.2684396594
-31.8524489478
32.1600148504
-31.8715296897
32.0510888635
-31.8905721803
31.9416929202
-31.9096030218
31.8318745604
-31.9286332331
31.7217001687
-31.947645442
31.611224212
-31.9665994039
31.5004672406
-31.9854148111
31.3894285982
-32.0039878131
31.2780999503
-32.0222151103
31.1664795514
-32.0400180485
31.0545786915
-32.0573654197
30.9424291748
-32.0742613552
30.8301048339
-32.0907241331
30.71769178
-32.1067823982
30.6052403289
-32.122471352
30.4927547108
-32.1378289406
30.3802357542
-32.1528741341
30.2677108814
-32.1675891383
30.1552319162
-32.1819338776
30.0428585107
-32.19586068
29.9306424044
-32.209334785
29.8186067175
-32.2223528416
29.7067327946
-32.2349148498
29.5949791701
-32.2470208097
29.4832914374
-32.2586707213
29.3716089942
-32.2698645845
29.2598654539
-32.2806023994
29.1479886735
-32.290883663
29.0358910222
-32.3006908757
28.9234601114
-32.3099876751
28.8105790152
-32.3187310714
28.6971413258
-32.3269054739
28.5830528071
-32.3345228792
28.4682491673
-32.3416154852
28.352707709
-32.3482270129
28.2364396141
-32.3543820108
28.1195034945
-32.3600809605
28.0019803211
-32.3653238617
27.8839393468
-32.3701107147
27.7654233261
-32.3744415193
27.6464444105
-32.3783162756
27.5269637931
-32.3817528937
27.4069033185
-32.3848011709
27.2861860057
-32.3875244973
27.1647558104
-32.3899813603
27.0425820555
-32.3922068483
26.9196604458
-32.3942043121
26.7960038834
-32.3959737518
26.6715892306
-32.3975151672
26.5463603124
-32.3988285585
26.4202674362
-32.3999139257
26.2933072156
-32.4007712686
26.1655033668
-32.4014010904
26.0368880651
-32.4018208904
25.907497265
-32.4020670314
25.777361215
-32.4021863849
25.6465074325
-32.4022279776
25.5149643964
-32.4022346369
25.3827461042
-32.4022346369
25.2498441488
-32.4022346369
25.1162299736
-32.4022346369
24.9818363492
-32.4022346369
24.8465825479
-32.4022346369
24.7104235236
-32.4022346369
24.5733697842
-32.4022346369
24.435463273
-32.4022346369
24.2967580975
-32.4022346369
24.1572873606
-32.4022346369
24.0170321935
-32.4022346369
23.8759411255
-32.4022346369
23.7339641576
-32.4022155131
23.5910799283
-32.4020932717
23.4472987742
-32.4017765791
23.3026898378
-32.4012318624
23.1573640729
-32.4004591215
23.0114327247
-32.3994583564
22.8649652011
-32.3982295671
22.7180030219
-32.3967727537
22.5705733845
-32.3950564635
22.4226983933
-32.3929941285
22.2744210215
-32.3905016665
22.1258104661
-32.3875531562
21.9769338915
-32.3841485974
21.8278258204
-32.3802879904
21.6784835574
-32.375971335
21.5288805025
-32.3711986313
21.3789786015
-32.3659698792
21.2287406385
-32.3602850788
21.0781328127
-32.35414423
20.9271497098
-32.3475473329
20.7758351358
-32.3404943875
20.6242629375
-32.3329853937
20.4725006596
-32.3250203516
20.3206087857
-32.3165992612
20.1686351337
-32.3077221224
20.0166044261
-32.298408059
19.8645144937
-32.2887410649
19.7124050428
-32.2788124736
19.5603758073
-32.2686558582
19.4085406386
-32.2582712186
19.2569650577
-32.2476585549
19.1056818
-32.236817867
18.9547112947
-32.2257491549
18.8040758782
-32.2144838712
18.6538128654
-32.2031085839
18.5039667443
-32.1917073754
18.3545782393
-32.1803061669
18.2056829136
-32.1689049583
18.0573199925
-32.1575037498
17.9095309272
-32.1461025413
17.7623574921
-32.1347013328
17.6158410629
-32.1233001242
17.4700193306
-32.1118989157
17.324903501
-32.1004977072
17.1804734111
-32.0890964986
17.0366973476
-32.0776849188
16.8935829488
-32.0662264951
16.7511981469
-32.0546696445
16.6096504137
-32.0429594715
16.4690557611
-32.0310686908
16.3295163793
-32.0190551717
16.1911187249
-32.0070080795
16.0538768908
-31.9949609873
15.9177257479
-31.9829138952
15.7825680419
-31.970866803
15.6483356151
-31.9588197109
15.51498254
-31.9467726187
15.3824766556
-31.9347569792
15.2507963319
-31.9228593602
15.1199142992
-31.9111638441
14.9897780935
-31.8996963522
14.8603211853
-31.8884568845
14.7314928654
-31.8774454409
14.6032745148
-31.8666620215
14.4756673242
-31.8561066263
14.3486820526
-31.8457792552
14.2223288811
-31.8356799084
14.0966097108
-31.8258085857
13.9715264515
-31.8161652871
13.8470615422
-31.8067500128
13.7231570601
-31.7975731339
13.5997193722
-31.788671123
13.4766519198
-31.7800955632
13.3538768798
-31.77190135
13.231347257
-31.7641157687
13.1090644329
-31.75668095
12.9870460066
-31.7495077284
12.8652951597
-31.742562531
12.7437912792
-31.7358507847
12.6225030253
-31.7293948557
12.5013918696
-31.7232293799
12.3804122807
-31.7173957751
12.2595117878
-31.7119053014
12.1386320809
-31.7067099107
12.0177172803
-31.7017543608
11.8967255065
-31.6970264035
11.7756294155
-31.6925264704
11.654399164
-31.6882545614
11.5329923876
-31.6842106766
11.4113730549
-31.680394816
11.2895283303
-31.6768069796
11.1674752518
-31.6734471673
11.0452683242
-31.6703153792
10.9229847546
-31.6674116152
10.8007027799
-31.6647462468
10.6784842538
-31.6623557463
10.5563643814
-31.660291697
10.4343314297
-31.6586089942
10.3123290022
-31.657354047
10.1902710099
-31.6565529802
10.068047186
-31.6562079616
9.9455590411
-31.6563189914
9.82275172323
-31.6568860695
9.69962278144
-31.6579037692
9.57621470398
-31.6593497239
9.45260395688
-31.661189298
9.32889000249
-31.6633810736
9.20518456753
-31.6658823381
9.08160427557
-31.6686545715
8.95827162647
-31.6716689336
8.83530356693
-31.6749117515
8.71279313312
-31.6783978356
8.59080077963
-31.6822017762
8.46934789613
-31.6864124694
8.34842855926
-31.6910786421
8.22802465858
-31.696200863
8.10811276092
-31.7017791323
7.98864537067
-31.70781345
7.86957817916
-31.7143038159
7.75089982956
-31.721239859
7.6326308213
-31.7285851065
7.51479444992
-31.7362879754
7.39741463475
-31.7442935703
7.28052163342
-31.752555482
7.16414853768
-31.761047586
7.04832650873
-31.7697677142
6.93308200682
-31.7787158665
6.81844185732
-31.7878866162
6.70443210984
-31.7972575968
6.59107133037
-31.8067941726
6.47837055317
-31.8164549257
6.36633407722
-31.8261971435
6.25496264692
-31.8359823061
6.14425157519
-31.8457815732
6.03418612364
-31.8555812719
5.92475341528
-31.8653809707
5.81596200145
-31.8751654274
5.70785920871
-31.8848600517
5.60052900059
-31.8943759477
5.49405335288
-31.9036643884
5.38848229375
-31.9127248049
5.28383166833
-31.9215571973
5.18010115377
-31.9301615655
5.07727204951
-31.9385379096
4.97530915908
-31.9466862294
4.87418266597
-31.9546065251
4.77389052281
-31.9622987966
4.674458808
-31.969763044
4.57592548217
-31.9769992672
4.4783296485
-31.9840074662
4.38170205162
-31.990787641
4.28605584964
-31.9973397917
4.19137738614
-32.003669345
4.09761635399
-32.0097986674
4.00468797036
-32.0157623947
3.91248553334
-32.0216019446
3.8208924202
-32.0273600297
3.72979157416
-32.0330751702
3.63907668457
-32.0387762061
3.54866363448
-32.0444768104
3.45850144825
-32.0501621726
3.36856724068
-32.0557577025
3.27887106029
-32.061174504
3.18944598365
-32.0663638502
3.10033439039
-32.0713251723
3.01158018478
-32.0760584702
2.92323654692
-32.0805637439
2.83536143005
-32.0848409935
2.74801284086
-32.0888902188
2.66124411996
-32.0927114201
2.5750992222
-32.0963045971
2.48960830602
-32.09966975
2.4047876424
-32.1028068787
2.32064337343
-32.1057159832
2.23717698982
-32.1083941217
2.15439077652
-32.1108262952
2.07229303984
-32.1129864076
1.99090486377
-32.1148390749
1.91026916658
-32.1163414339
1.83045424949
-32.1174449519
1.75154626245
-32.1180972349
1.673638978
-32.1182438372
1.59682525863
-32.1178300703
1.5211887915
-32.116802812
1.44679582318
-32.1151123153
1.37368739434
-32.1127284683
1.30187999553
-32.1096817848
1.23135100412
-32.1060172131
1.16206060781
-32.1017389594
1.0939781296
-32.0968017986
1.02709084082
-32.0911579617
0.9613879828
-32.0847570039
0.896861598928
-32.0775451032
0.833507583629
-32.0694643593
0.771326731303
-32.0604515839
0.710325066898
-32.0504310021
0.650504088732
-32.0393152651
0.591860373225
-32.0270095942
0.534389464586
-32.0134159248
0.478088525942
-31.9984399918
0.422959022542
-31.9820045898
0.369009623304
-31.9640527557
0.316261274939
-31.9445494482
0.264751239653
-31.9234773252
0.214517500625
-31.9008313316
0.165592953306
-31.8766135746
0.118003867043
-31.8508281986
0.0717666532785
-31.8234762598
0.026884366359
-31.7945506018
-0.0166562956885
-31.7640307301
-0.0588727933307
-31.7318714669
-0.0997813922532
-31.6979960641
-0.139401873344
-31.6623192255
-0.17775679753
-31.6247712398
-0.21487071498
-31.5853112449
-0.250770309465
-31.5439110036
-0.285484558319
-31.5005519307
-0.319044892399
-31.4552231216
-0.351485356051
-31.4079193813
-0.382842767075
-31.3586397628
-0.413156158295
-31.307392406
-0.442456131399
-31.2542005703
-0.470763545332
-31.1990996184
-0.498092504474
-31.14213111
-0.5244530416
-31.0833430695
-0.549853582501
-31.0227801778
-0.574304939754
-30.9604731154
-0.597828114579
-30.8964149689
-0.620461168652
-30.8305315222
-0.642246463678
-30.7627252457
-0.663227070783
-30.6929245769
-0.683444938753
-30.6211138467
-0.702939062256
-30.5473022976
-0.721743650077
-30.4715134341
-0.739886793323
-30.3937772308
-0.757403302718
-30.3141334848
-0.774335286854
-30.2326341279
-0.790722228205
-30.149328823
-0.806600671448
-30.0642568094
-0.822004533325
-29.9774496366
-0.836965412516
-29.888956016
-0.851512899501
-29.7988374426
-0.865674886428
-29.7071632097
-0.87947787698
-29.6140059386
-0.892946626266
-29.5194431995
-0.906094778467
-29.4235506052
-0.918924238581
-29.3263763791
-0.931428385442
-29.2278680246
-0.943595284742
-29.1279691223
-0.955411207272
-29.0266702232
-0.966864365495
-28.9239690506
-0.977947120979
-28.8198668442
-0.98865608874
-28.7143841483
-0.998982970784
-28.6075933427
-1.00891486675
-28.4995833973
-1.01843634339
-28.3904193167
-1.02753150404
-28.28012094
-1.03618605811
-28.1687026484
-1.04438939056
-28.0561927401
-1.05213663137
-27.9426580909
-1.05942782384
-27.8282210931
-1.06626296797
-27.7130403036
-1.07264206376
-27.5972743054
-1.07856511121
-27.4810486283
-1.08403211032
-27.3644521398
-1.08904306108
-27.2475275545
-1.09359796351
-27.1302769217
-1.09769681759
-27.0126624828
-1.10133962333
-26.8944650272
-1.10452705071
-26.775538235
-1.1072701119
-26.6558399516
-1.10959109938
-26.5353730085
-1.11152068283
-26.4142501946
-1.1130950059
-26.2925919918
-1.11435278311
-26.1704640395
-1.11533239667
-26.0479151904
-1.11606899335
-25.9249972748
-1.11659357799
-25.8018142592
-1.1169413779
-25.6784994456
-1.11715073015
-25.5551795858
-1.11726020992
-25.4319379075
-1.11730575901
-25.308832729
-1.11731781421
-25.1858961464
-1.11731843575
-25.0631306548
-1.11731843575
-24.9404976282
-1.11731843575
-24.8179081351
-1.11731843575
-24.6951940006
-1.11731843575
-24.5721519337
-1.11731843575
-24.4486700371
-1.11731843575
-24.3246534972
-1.11731843575
-24.2000314279
-1.11731843575
-24.0747669695
-1.11731843575
-23.9488702719
-1.11731843575
-23.8225499178
-1.11731843575
-23.695961756
-1.11731843575
-23.5691950083
-1.11731843575
-23.4424116681
-1.11731843575
-23.3157483251
-1.11731843575
-23.189255091
-1.11731843575
-23.0629314862
-1.11731843575
-22.9367598682
-1.11731843575
-22.8107264678
-1.11731843575
-22.6847899452
-1.11731843575
-22.558889903
-1.11731843575
-22.4329723969
-1.11731843575
-22.3070163796
-1.11731843575
-22.1810045566
-1.11731843575
-22.0549141692
-1.11731843575
-21.9287086804
-1.11731843575
-21.8023294672
-1.11731843575
-21.6757059275
-1.11731843575
-21.5488294126
-1.11731843575
-21.4217553012
-1.11731843575
-21.2944993441
-1.11731843575
-21.1670978213
-1.11731843575
-21.0396009773
-1.11731843575
-20.912068438
-1.11731843575
-20.7847079631
-1.11731843575
-20.657610811
-1.11731843575
-20.5307207029
-1.11731843575
-20.4039248816
-1.11731843575
-20.2770273128
-1.11731843575
-20.1498704984
-1.11731843575
-20.0224017534
-1.11731843575
-19.8946500487
-1.11731843575
-19.7667020782
-1.11731843575
-19.6386504881
-1.11731843575
-19.5105540635
-1.11731843575
-19.3824279677
-1.11731843575
-19.2542166708
-1.11728495985
-19.1258078907
-1.11714220042
-18.9970958555
-1.11681208492
-18.8680445724
-1.11625434934
-18.7387169074
-1.1154685896
-18.6092512127
-1.11445480568
-18.4798891133
-1.11321299759
-18.3509173184
-1.11174316534
-18.2225165857
-1.11004530891
-18.0948018634
-1.10811942831
-17.9678180291
-1.10596552354
-17.8414398401
-1.1035835946
-17.7154868562
-1.10097364149
-17.589706581
-1.09813566421
-17.4639508877
-1.09506966275
-17.3382086056
-1.09177563713
-17.2125101199
-1.08825358734
-17.0868960138
-1.08450351337
-16.9614069662
-1.08052541524
-16.8360958887
-1.07631929293
-16.7110005344
-1.07188514646
-16.5861149568
-1.06722297581
-16.4613978945
-1.062332781
-16.3368103686
-1.05721456201
-16.2123554707
-1.05186831885
-16.0881136673
-1.04632752743
-15.9642328724
-1.04066799536
-15.8408691971
-1.03496779519
-15.7181277249
-1.02926719092
-15.5960418966
-1.02356658666
-15.4745933062
-1.0178659824
-15.3536561794
-1.01216537813
-15.2330211823
-1.00646477387
-15.1124206586
-1.0007641696
-14.9916302933
-0.99506356534
-14.8706032788
-0.989362961076
-14.7494742327
-0.983662356812
-14.628437197
-0.977961752548
-14.5076180754
-0.972261148284
-14.3871495105
-0.96656054402
-14.2671339205
-0.960859939756
-14.1476030636
-0.955159335492
-14.0285087978
-0.949458731228
-13.9097573517
-0.943758126964
-13.7912336086
-0.9380575227
-13.6728409768
-0.932356918436
-13.5545185323
-0.926656314172
-13.4362511916
-0.920955709907
-13.3180559848
-0.915255105643
-13.1999922042
-0.909587977288
-13.0821488925
-0.904030132446
-12.9645867124
-0.898659643685
-12.8471896994
-0.893456766297
-12.7296135172
-0.888277204089
-12.6116488322
-0.883097641881
-12.4931460145
-0.877918079673
-12.3740047724
-0.872738517465
-12.2541917749
-0.867558955257
-12.1338599461
-0.862379393049
-12.0132086264
-0.857199830841
-11.8924483896
-0.852020268633
-11.7717728491
-0.846840706425
-11.6512305204
-0.841661144217
-11.5308062018
-0.836481582009
-11.410424318
-0.831302019801
-11.2898014912
-0.826122457593
-11.1686394549
-0.820942895385
-11.0469520633
-0.815763333177
-10.9248013507
-0.810583770969
-10.8022535712
-0.805404208761
-10.6793530532
-0.800224646553
-10.5561233387
-0.795045084345
-10.432559919
-0.789865522137
-10.30860899
-0.784685959929
-10.1841332302
-0.779472921813
-10.0589368822
-0.774150600183
-9.93284569208
-0.768640922472
-9.80587573684
-0.762963633388
-9.67828178871
-0.757263029124
-9.55019139686
-0.751562424859
-9.42169607089
-0.745861820595
-9.29288452721
-0.740161216331
-9.16395184273
-0.734460612067
-9.03505117052
-0.728760007803
-8.90616765376
-0.723059403539
-8.77712791704
-0.717358799275
-8.64773353647
-0.711658195011
-8.51790293317
-0.705957590747
-8.38759910362
-0.700256986483
-8.25684659799
-0.694556382219
-8.12592487336
-0.688855777955
-7.99521220747
-0.683155173691
-7.86483661475
-0.677454569427
-7.73487113093
-0.671752753575
-7.60533694317
-0.666037968998
-7.47622722354
-0.660288315798
-7.34752279057
-0.654474669118
-7.21920940968
-0.648563596942
-7.09130903361
-0.642520277891
-6.96389518252
-0.636311419025
-6.83708482566
-0.629908173643
-6.71111524269
-0.623349067778
-6.58636092997
-0.616767600891
-6.46299856826
-0.610186134005
-6.34108059558
-0.603604667119
-6.22059670554
-0.597023200232
-6.10151119546
-0.590441733346
-5.9836693651
-0.583855773397
-5.86691020552
-0.577246627967
-5.75119136609
-0.57058481665
-5.63649515471
-0.56383414389
-5.52282842302
-0.556955771816
-5.41022068735
-0.549912293078
-5.29872224963
-0.542671803685
-5.18857568243
-0.535211975836
-5.08004743461
-0.527524130761
-4.97310901681
-0.519608261515
-4.8676927715
-0.511464368099
-4.76373269572
-0.5030936621
-4.66118221893
-0.494507900655
-4.56000988132
-0.485728983664
-4.46020318401
-0.476786035981
-4.36177254083
-0.467712489624
-4.26475240268
-0.458543165971
-4.16918299079
-0.449311357963
-4.07508690033
-0.4400459123
-3.9823568216
-0.43070830295
-3.89072916109
-0.42116503045
-3.80012948731
-0.41139373378
-3.71059567634
-0.401394412939
-3.62220659478
-0.391167067928
-3.53503493296
-0.380711698746
-3.44912666996
-0.370032798456
-3.36452190324
-0.359149059477
-3.28124924894
-0.348089962214
-3.19931899599
-0.336891702224
-3.11871449587
-0.325593117377
-3.03937432898
-0.314231615023
-2.96117928351
-0.302839099154
-2.88378197832
-0.29143789757
-2.80677340197
-0.280036689042
-2.73021708256
-0.268385665137
-2.65402803374
-0.256472852689
-2.57811140337
-0.244360906399
-2.50237542499
-0.232148882101
-2.4267524174
-0.219921048413
-2.35124168672
-0.207685774384
-2.27610923513
-0.195391425699
-2.20160136039
-0.182982234725
-2.12770838186
-0.170497330315
-2.05433201702
-0.158101116363
-1.98134088935
-0.146003327686
-1.90861401572
-0.134345811783
-1.83608266609
-0.123144344221
-1.76372117084
-0.112398925001
-1.69153953684
-0.102109554121
-1.61957409534
-0.0922762315829
-1.54786939078
-0.0828989573857
-1.4764402072
-0.0739777315297
-1.40516969706
-0.0655125540148
-1.33374832232
-0.057503424841
-1.26165050407
-0.0499503440083
-1.18807347021
-0.0428533115167
-1.11178447712
-0.0362123273663
-1.03192751316
-0.030027391557
-0.957842088227
-0.020951609063
-0.88390472012
-0.0134765342734
-0.811177253867
-0.00737419717474
-0.740241061736
-0.00265066030747
-0.668871091513
-0.000315290333312
-0.59630276275
2.13162820728e-14
-0.522913698793
2.13162820728e-14
-0.447900942309
1.42108547152e-14
-0.367719730363
1.42108547152e-14
-0.274245808648
7.1054273576e-15
-0.155180869555
0
0
0
