2
1000
-45.0704225352
-0.93896713615
-45.0704225352
-0.938738377209
-45.0704225352
-0.938180947618
-45.0704225352
-0.937282370566
-45.0704225352
-0.936030169244
-45.0704225352
-0.934411866843
-45.0704225352
-0.932414986553
-45.0704225352
-0.930027051564
-45.0704225352
-0.927235585066
-45.0704225352
-0.92402811025
-45.0704225352
-0.920392150306
-45.0704225352
-0.916315228424
-45.0704225352
-0.911784867796
-45.0704225352
-0.908245523325
-45.0704225352
-0.904479629929
-45.0704225352
-0.900486580223
-45.0704225352
-0.896265891591
-45.0704225352
-0.891817206185
-45.0704225352
-0.887140290924
-45.0704225352
-0.882235037496
-45.0704225352
-0.877101462357
-45.0704225352
-0.871739706732
-45.0704225352
-0.866150036612
-45.0704225352
-0.860332842758
-45.0704225352
-0.854288640698
-45.0704225352
-0.848018070728
-45.0704225352
-0.841521897914
-45.0704225352
-0.834798419069
-45.0704225352
-0.827832172595
-45.0704225352
-0.820594933145
-45.0704225352
-0.813048405087
-45.0704225352
-0.805146915974
-45.0704225352
-0.796840110011
-45.0704225352
-0.788075641526
-45.0704225352
-0.778799728091
-45.0704225352
-0.768940082221
-45.0704225352
-0.758413340641
-45.0704225352
-0.747139769003
-45.0704225352
-0.734972839358
-45.0704225352
-0.721860944882
-45.0704225352
-0.707760753367
-45.0704225352
-0.692633060009
-45.0704225352
-0.676438640191
-45.0704225352
-0.659134102273
-45.0704225352
-0.64066774038
-45.0704225352
-0.620975838245
-45.0704225352
-0.599984382372
-45.0704225352
-0.577613346432
-45.0704225352
-0.553780978838
-45.0704225352
-0.528404294389
-45.0704225352
-0.501395026609
-45.0704225352
-0.472662527886
-45.0704225352
-0.442119478176
-45.0704225352
-0.409696290845
-45.0704194878
-0.375343059657
-45.0703815667
-0.339026342332
-45.0702547779
-0.300723582816
-45.0699785074
-0.260417611022
-45.0695000168
-0.218091216079
-45.0687600145
-0.173726780688
-45.0676965349
-0.127324645586
-45.0662632677
-0.0788963444292
-45.0644467486
-0.0284507324196
-45.0622469777
0.0240164083602
-45.0596639548
0.0785239148299
-45.05669768
0.135104461269
-45.0533464218
0.193807522807
-45.0495706855
0.254708120779
-45.045303641
0.317891987475
-45.0404842742
0.383432673241
-45.0350900296
0.45136926749
-45.0291209071
0.52170809528
-45.0225769068
0.594438687157
-45.0154580287
0.669544396078
-45.0077640795
0.747009177318
-44.9994718154
0.826813177344
-44.9905307355
0.908930526749
-44.9808795262
0.993321778093
-44.970462506
1.07993862855
-44.9592268583
1.16872432484
-44.9471419942
1.25961695669
-44.9342105673
1.35256007977
-44.9204705546
1.44751341767
-44.9059746322
1.54448489395
-44.8907820918
1.64350270019
-44.8749548989
1.7445552754
-44.8585325131
1.84756444578
-44.8414996869
1.95244398212
-44.8238128024
2.05911451748
-44.8054215142
2.16750246697
-44.7862769295
2.27753916641
-44.7663365056
2.38915732797
-44.7455915773
2.50226910515
-44.724059875
2.61676486887
-44.7017561842
2.73252063373
-44.678660509
2.84941119593
-44.6547261751
2.96731503049
-44.6299070937
3.08611387476
-44.604163936
3.20569406115
-44.5774705016
3.32594335163
-44.5498423746
3.44676179547
-44.5213300558
3.56808832912
-44.4919948589
3.68990561951
-44.4618955127
3.81221975921
-44.4311194822
3.93504071267
-44.3997510036
4.05837190049
-44.3678350835
4.18220743231
-44.3353736367
4.30652506913
-44.3023629902
4.4312612853
-44.2687990105
4.55633823248
-44.234665846
4.68170874888
-44.1999284013
4.80737022741
-44.1645564216
4.93331635408
-44.1285406646
5.05953380903
-44.0918961344
5.18600426959
-44.0546652506
5.31270349021
-44.0169317821
5.43959872759
-43.978810719
5.56665260991
-43.9404121749
5.69383104948
-43.9018049072
5.82111043413
-43.8630192042
5.94848269012
-43.8240714973
6.07595513247
-43.78496603
6.20353959574
-43.7456952551
6.33124521261
-43.7062628954
6.45908238362
-43.6666856667
6.58706168348
-43.6269812634
6.71517105852
-43.5871591562
6.84337081668
-43.547223646
6.97160694462
-43.5071540446
7.09982324577
-43.4669206911
7.22796309661
-43.4264883526
7.35595232152
-43.3858125513
7.48366144349
-43.3448346679
7.61090984207
-43.3035033546
7.73753858893
-43.2617966718
7.86347191858
-43.2197522171
7.98868994003
-43.1774455618
8.11320524367
-43.1349569436
8.23704265549
-43.0923498054
8.36022227742
-43.0496544103
8.4827443888
-43.0068573772
8.60459080045
-42.9639154976
8.72573524272
-42.9207831549
8.84615249063
-42.8774395341
8.96583172642
-42.8338932074
9.0847789831
-42.7901642575
9.20300601652
-42.7462753677
9.32052331973
-42.7022427187
9.43733309626
-42.6580445978
9.55341515807
-42.6136285936
9.66869973236
-42.5689452732
9.78307828885
-42.5239602846
9.89643613348
-42.4786457706
10.0086790003
-42.4330050767
10.1197463446
-42.3870965694
10.2296022651
-42.3410190207
10.3382323099
-42.2948832411
10.4456647414
-42.2487977796
10.5519586277
-42.2028565602
10.6571487604
-42.1571238258
10.7612145818
-42.1116244344
10.864114543
-42.0663466915
10.9657892987
-42.0212434838
11.0661643636
-41.9762350765
11.1651519596
-41.9312354466
11.262648735
-41.8861562189
11.3585506217
-41.8409137574
11.4527717263
-41.795431503
11.5452639105
-41.7496556274
11.6360074657
-41.703553579
11.7249910165
-41.657109852
11.8122095702
-41.6103232209
11.8976627547
-41.5632039755
11.9813530573
-41.5157738426
12.063284329
-41.4680589946
12.1434786564
-41.4200809383
12.2219755056
-41.3718605147
12.2988221502
-41.3234199105
12.374063206
-41.2747562539
12.4477319688
-41.225836758
12.5198605554
-41.1766236438
12.5904871963
-41.1270877461
12.6596639662
-41.0771916685
12.7274524209
-41.0268934895
12.7939047799
-40.9761513735
12.8590501352
-40.9249236302
12.9229012601
-40.8731800511
12.9854653538
-40.8209125033
13.0467538448
-40.7681437289
13.1067930174
-40.7149075948
13.1656365761
-40.6612400694
13.2233484636
-40.6071791508
13.2799799794
-40.5527765024
13.3355512443
-40.4980851018
13.3900506192
-40.4431459382
13.4434521529
-40.3879868327
13.4957233431
-40.3326212578
13.5468328967
-40.277047157
13.5967584903
-40.2212270802
13.6455130409
-40.1650646019
13.6931637784
-40.1084386849
13.7397959161
-40.0512390947
13.7854723204
-39.9933922173
13.8302031196
-39.9348309138
13.8739834543
-39.87549072
13.9168045783
-39.8153135325
13.9586565157
-39.7542512952
13.9995307164
-39.6922696857
14.0394227132
-39.6293518614
14.0783347385
-39.5655039096
14.116276359
-39.5007513457
14.1532635958
-39.4351337752
14.1893175731
-39.3686996853
14.2244631541
-39.301501235
14.2587275777
-39.2335890472
14.2921390943
-39.1650070887
14.3247255808
-39.0957925921
14.3565113192
-39.0259685228
14.3875113122
-38.9555425009
14.4177335714
-38.884512814
14.4471813202
-38.8128759898
14.4758551971
-38.7406343693
14.5037554586
-38.6678036801
14.5308841825
-38.5944360648
14.5572291186
-38.5206340819
14.5827471045
-38.4465139893
14.6073901656
-38.3721712615
14.6311317494
-38.297654964
14.6539857183
-38.222993627
14.6759732691
-38.1482004982
14.697098609
-38.0732738045
14.7173274984
-37.99820163
14.736600279
-37.9229668265
14.7548454358
-37.8475500482
14.7719909743
-37.7719266244
14.7879786976
-37.6960675354
14.8027819765
-37.6199433352
14.8163941947
-37.5435248796
14.8288122435
-37.4667851582
14.8400403903
-37.3897011264
14.8500941493
-37.3122548441
14.8590029157
-37.2344256107
14.8668037137
-37.1561889366
14.87353635
-37.0775237667
14.8792067776
-36.9984169656
14.88378794
-36.9188655422
14.8872365489
-36.8388788732
14.8895098625
-36.7584965501
14.8905641108
-36.6778000966
14.8903446642
-36.5968817536
14.888792063
-36.5158143848
14.8858671019
-36.4346285375
14.8815699765
-36.3533414565
14.8759060874
-36.2719670993
14.8688769529
-36.1905215972
14.8604944224
-36.109027533
14.8507989718
-36.0275140324
14.8398309916
-35.9460143766
14.8276098335
-35.8645596618
14.8141346476
-35.7831708659
14.7993818003
-35.7018539309
14.7833003886
-35.6205981665
14.7658377667
-35.5393741025
14.7469653331
-35.4581292342
14.7266623957
-35.3768066205
14.7049044133
-35.2953657536
14.6816535719
-35.213806177
14.6568589047
-35.1321612414
14.6304561534
-35.0504812931
14.6024057941
-34.9688234815
14.5726944955
-34.8872422673
14.5413206435
-34.8057799318
14.5082798664
-34.7244416293
14.4735689119
-34.6431770546
14.4371965823
-34.5618941305
14.3991683206
-34.480504796
14.3594644404
-34.3989707098
14.3180278307
-34.3172974554
14.2748037357
-34.2355378831
14.229768737
-34.1537653352
14.1829493359
-34.0720630082
14.1344083288
-33.9905149108
14.0842434336
-33.9091992683
14.0325776258
-33.8281876589
13.9795298416
-33.7475452052
13.925185727
-33.6673301805
13.8695983979
-33.5875976739
13.812795723
-33.5084085105
13.75477497
-33.4298383991
13.695515989
-33.3519641548
13.6349898539
-33.2748482555
13.5731664236
-33.1985238027
13.5100242539
-33.1230001404
13.4455851946
-33.0482737552
13.3799055366
-32.9743337995
13.3130598295
-32.9011676239
13.2451247996
-32.8287663108
13.1761632675
-32.7571308066
13.1062159538
-32.6862802224
13.0353177792
-32.6162705499
12.963504334
-32.5471777191
12.890812737
-32.4790725347
12.8172793224
-32.4119956124
12.7429373264
-32.3459416394
12.6678004849
-32.2808736096
12.5918527654
-32.2167300308
12.5150790326
-32.1534360488
12.4374862666
-32.090916432
12.3591051477
-32.0291085578
12.2799916254
-31.9679753934
12.2002284255
-31.9075151583
12.1198965457
-31.8477694672
12.0390441713
-31.7888117434
11.9576867097
-31.730722595
11.8758204554
-31.6735696824
11.7934403171
-31.6173881533
11.7105575216
-31.5621865211
11.6272113137
-31.5079538919
11.5434435364
-31.4546318125
11.459295636
-31.402127696
11.3748108274
-31.3503365979
11.2900371496
-31.2991629913
11.2050305209
-31.2485442626
11.1198511061
-31.1984722097
11.0345444537
-31.1489626293
10.9491402779
-31.1000331371
10.863654521
-31.0516813097
10.778091523
-31.0038743093
10.6924482325
-30.9565747033
10.6067246797
-30.9097558672
10.5209168407
-30.8634035083
10.4349969307
-30.8175104258
10.3489042387
-30.7720694093
10.2625555928
-30.7270661373
10.1758558431
-30.6824714334
10.0887030207
-30.638232945
10.0009916428
-30.5942661173
9.91264281345
-30.5504644755
9.82362596197
-30.5067237314
9.7339699669
-30.4629533349
9.64374220062
-30.4190898703
9.55301506282
-30.3750916403
9.46185261992
-30.330936631
9.3703045113
-30.2866562607
9.27840386266
-30.2423262649
9.18616635215
-30.1980455199
9.09358927811
-30.1539042161
9.000656731
-30.1099586024
8.90735187358
-30.0662065674
8.81366643162
-30.0226195908
8.71960675448
-29.9791517919
8.62519050975
-29.9357556408
8.53043993775
-29.8924089288
8.43537349423
-29.849112409
8.33998832465
-29.8058934046
8.24426131097
-29.7627930428
8.14815502345
-29.7198555792
8.05162666696
-29.677120902
7.95463782436
-29.6346170351
7.85716419989
-29.5923532828
7.75921068582
-29.5503142671
7.66082886232
-29.5084652397
7.56210826585
-29.4667632273
7.46314585931
-29.4251662734
7.36401081036
-29.3836508176
7.26473745427
-29.3422203766
7.1653313881
-29.3008868981
7.06576316914
-29.2596975354
6.96597473148
-29.2187221906
6.8658963008
-29.1780327078
6.76546241974
-29.137685768
6.66462711496
-29.0977164351
6.5633731547
-29.0581364058
6.46171532185
-29.0189515597
6.3596915671
-28.9801634362
6.25735009305
-28.9417865205
6.15474108689
-28.9038585469
6.05190682216
-28.8664275114
5.94887050398
-28.8295283354
5.84564044422
-28.793172971
5.74221044297
-28.7573624714
5.63856332143
-28.7220977905
5.53468519567
-28.6873874031
5.43057927352
-28.6532555667
5.32628493479
-28.6197502973
5.22188459962
-28.5869465819
5.11746752122
-28.5549361682
5.01309150141
-28.5238104986
4.90876113228
-28.4936516668
4.80443922148
-28.4644954125
4.70007673492
-28.4363288216
4.59562914486
-28.4091223139
4.49106718414
-28.3828152654
4.38637641345
-28.3573363723
4.28155550322
-28.3325954451
4.17661339836
-28.3085043683
4.07156369985
-28.2849952483
3.96641834014
-28.2620237944
3.86117905785
-28.2395520759
3.7558355506
-28.2175623037
3.650373285
-28.1960639502
3.54477995489
-28.1750786635
3.43905618123
-28.1546257197
3.3332270394
-28.1347127224
3.22734108821
-28.1153381316
3.12147013621
-28.0964803852
3.0157036458
-28.0781024359
2.91012922045
-28.0601591449
2.80481274887
-28.0426040364
2.69977326613
-28.025397228
2.59497019441
-28.0085239246
2.49033632814
-27.9919923321
2.38580851172
-27.9758103791
2.28135437993
-27.9599695106
2.17697492544
-27.9444643985
2.0726884168
-27.9293110047
1.96852453307
-27.914532985
1.86452067026
-27.9001450454
1.76071628699
-27.8861413617
1.65714753635
-27.87252093
1.55384388007
-27.8592837502
1.45082715851
-27.8464296951
1.3481113419
-27.8339407447
1.24570560384
-27.82177701
1.14361591113
-27.8098729652
1.04184184081
-27.7981406607
0.940377182623
-27.7864951434
0.839213127176
-27.7748772669
0.738340620746
-27.7632469132
0.637751461111
-27.7515739806
0.537446017425
-27.7398483067
0.437430433561
-27.7280741769
0.337712871578
-27.7162619744
0.238299817994
-27.7044198309
0.139204165841
-27.692544384
0.0404477766391
-27.6806054238
-0.0579422127539
-27.6685514241
-0.155933614022
-27.6563382113
-0.253485946532
-27.6439699743
-0.350557507068
-27.6314980524
-0.447111454472
-27.6189795127
-0.543117597032
-27.6064536381
-0.638554765917
-27.5939087359
-0.733406464534
-27.5813022314
-0.827656576734
-27.568574859
-0.921290892287
-27.5556578281
-1.01429906425
-27.5424801152
-1.10667673608
-27.5289933962
-1.1984309485
-27.5151831866
-1.28958121307
-27.5010532946
-1.38015779304
-27.4866054742
-1.47020016306
-27.471829293
-1.55974886101
-27.4566946331
-1.64883649628
-27.4411756407
-1.73747811578
-27.4252702177
-1.82568417153
-27.4089937044
-1.91346273953
-27.3923708655
-2.00081600394
-27.3754278757
-2.08773678134
-27.3581843059
-2.17421682088
-27.3406451089
-2.26024975221
-27.322797536
-2.34582977814
-27.3046249905
-2.43095046878
-27.2861056731
-2.51560756729
-27.2671840082
-2.59979627753
-27.2477745234
-2.6835093683
-27.2277712816
-2.76673660145
-27.2070705126
-2.84946343899
-27.1856083243
-2.9316746307
-27.1633451287
-3.01335773106
-27.1402559698
-3.09450067484
-27.116328005
-3.17508874874
-27.0915756248
-3.2551050045
-27.0660412939
-3.33452978024
-27.0397708979
-3.41334472888
-27.0128013923
-3.4915260659
-26.985155745
-3.56903969496
-26.9568302831
-3.64584398395
-26.9278103879
-3.72188777615
-26.8980708341
-3.79712018219
-26.8675620002
-3.87148794151
-26.836218403
-3.94493911957
-26.8039673944
-4.01743421775
-26.7707357845
-4.08895344114
-26.7364564631
-4.15948990521
-26.7010750219
-4.22904468489
-26.6645514467
-4.2976267025
-26.6268448706
-4.36525610524
-26.5879110195
-4.4319636331
-26.5477012361
-4.49778854539
-26.5061672913
-4.56277281353
-26.4632747363
-4.62695529743
-26.4190211548
-4.69037116777
-26.3734364914
-4.75305387458
-26.3265667633
-4.81504007668
-26.2784655973
-4.87636438366
-26.2291860464
-4.9370535424
-26.1787547665
-4.9971171822
-26.1271604728
-5.05653961641
-26.0743763731
-5.11526943511
-26.0203791893
-5.17323468649
-25.9651594388
-5.23035816512
-25.9087295513
-5.28657237415
-25.8511036839
-5.34183901866
-25.7922934237
-5.39614352989
-25.7323123658
-5.44948715212
-25.671174016
-5.50187717007
-25.6088901424
-5.55331513809
-25.5454712022
-5.60378895144
-25.4809267692
-5.65327897867
-25.4152659601
-5.70176235167
-25.3484978831
-5.74921366505
-25.2806340486
-5.79560567543
-25.2116922986
-5.84090968432
-25.1417020364
-5.88509693241
-25.0707133698
-5.9281431869
-24.9987927074
-5.97003209385
-24.9259946213
-6.01075393635
-24.8523505766
-6.05030172926
-24.777880134
-6.08866434456
-24.7025943426
-6.12582982416
-24.6264987277
-6.16178922543
-24.5495967662
-6.19654007152
-24.4718995227
-6.23008527828
-24.3934202901
-6.26244070281
-24.3141697538
-6.29362823219
-24.2341574132
-6.3236716592
-24.1533925484
-6.35259371816
-24.0718867936
-6.38041336389
-23.989654942
-6.4071557055
-23.9067087911
-6.43285416783
-23.8230563222
-6.45754526275
-23.7387040387
-6.48126648422
-23.6536591558
-6.5040542033
-23.5679319115
-6.5259415632
-23.4815382178
-6.54695637429
-23.3945022924
-6.56711900915
-23.3068578453
-6.58643998107
-23.2186492914
-6.60491849761
-23.1299267105
-6.62254474781
-23.0407303991
-6.63930304509
-22.9510883025
-6.6551764153
-22.861022309
-6.67014746418
-22.7705566545
-6.68418057136
-22.6797147465
-6.69720626866
-22.5885191226
-6.70913852661
-22.4969914852
-6.71989300477
-22.4051522474
-6.72940569741
-22.3130157859
-6.73765178894
-22.2205970583
-6.74463932151
-22.1279098175
-6.75039166336
-22.0349676801
-6.75493750977
-21.9417856736
-6.75830218117
-21.8483800014
-6.7604989213
-21.7547644303
-6.76152063932
-21.6609537051
-6.76134279944
-21.5669652082
-6.759930366
-21.4728184309
-6.7572416204
-21.3785345936
-6.75323197796
-21.2841361451
-6.74785780485
-21.1896461774
-6.74108001034
-21.0950886883
-6.7328644921
-21.0004853508
-6.72318277343
-20.9058510642
-6.71201212274
-20.8111945494
-6.69933190278
-20.7165214648
-6.68511964142
-20.6218410042
-6.66934698121
-20.5271668413
-6.65197804798
-20.4325127848
-6.63299046399
-20.3378955148
-6.61239554993
-20.2433341677
-6.59022561882
-20.1488498233
-6.56652028446
-20.0544654368
-6.54131021886
-19.9602060399
-6.51460280023
-19.8660929443
-6.4863851264
-19.7721472713
-6.45663533375
-19.6783906206
-6.42532638346
-19.5848435885
-6.39242855057
-19.4915236253
-6.35791301606
-19.3984476432
-6.32175676437
-19.3056316367
-6.28394321466
-19.2130905391
-6.24446079431
-19.120838341
-6.20330151697
-19.0288858385
-6.16045967903
-18.9372339991
-6.115929932
-18.8458782985
-6.06970393822
-18.75481327
-6.0217700688
-18.6640390937
-5.972113226
-18.5735685005
-5.92071389287
-18.4834242195
-5.86754598147
-18.3936367221
-5.81257992802
-18.304240143
-5.75578697941
-18.2152715341
-5.69715813487
-18.1267699021
-5.63672711983
-18.0387702887
-5.57455960205
-17.9512919148
-5.51073855116
-17.8643373252
-5.44534612761
-17.7778993149
-5.37844859493
-17.6919671229
-5.31008796721
-17.6065391437
-5.24029282068
-17.521629764
-5.16908409534
-17.4372613765
-5.09648415559
-17.3534593005
-5.02252127364
-17.2702480656
-4.94723204299
-17.1876444978
-4.87065821223
-17.1056525866
-4.79284241816
-17.0242633129
-4.71382584988
-16.9434589199
-4.63364515412
-16.863219681
-4.55232913803
-16.7835347741
-4.46989632055
-16.7043983809
-4.38635568845
-16.625796803
-4.30169240435
-16.547711229
-4.21589725029
-16.4701227707
-4.12900128258
-16.3930098105
-4.04106176335
-16.3163498749
-3.95215471061
-16.2401226384
-3.86237153407
-16.1643084181
-3.77179857966
-16.0888907438
-3.68049277762
-16.0138599813
-3.58848593826
-15.9392204949
-3.4957891141
-15.8649893798
-3.40240300525
-15.7911893935
-3.30833031535
-15.7178400697
-3.21358338286
-15.6449401665
-3.11816802917
-15.5724553046
-3.02207359295
-15.5003346061
-2.92527992731
-15.4285257071
-2.827768845
-15.3569875008
-2.72953484709
-15.2856998866
-2.63059734358
-15.2146516268
-2.53099145956
-15.1438419755
-2.43076257778
-15.0732845438
-2.32996451705
-15.0030150801
-2.22865841913
-14.9330882984
-2.1269130522
-14.8635771898
-2.02480365624
-14.7945612441
-1.92243187718
-14.7260963592
-1.81990252994
-14.6582098935
-1.71729112884
-14.5909125791
-1.61465609575
-14.5242039644
-1.51203803279
-14.4580715233
-1.40945272699
-14.3924544784
-1.30687823492
-14.3272554385
-1.20425879896
-14.2623785412
-1.10152170784
-14.1977590126
-0.998601439417
-14.1333792675
-0.895459754981
-14.0692378682
-0.792083505511
-14.0053327902
-0.688481914267
-13.9416629497
-0.584690662177
-13.8782447689
-0.480770240864
-13.8151133245
-0.376788661073
-13.7523179715
-0.272806375074
-13.6899082833
-0.168868404858
-13.6279345689
-0.0649971914561
-13.5664648364
0.0387937701408
-13.5055784307
0.142491204172
-13.4453392612
0.246076126442
-13.3857464006
0.349520298119
-13.3267455966
0.452784614737
-13.2682550269
0.555802384465
-13.2101961424
0.658512734995
-13.1525241606
0.760899612394
-13.0952108248
0.862977783237
-13.0382314175
0.964779880603
-12.981564418
1.06634436584
-12.9251946547
1.16770247408
-12.8691523061
1.26886084457
-12.8135046588
1.36980135283
-12.75832294
1.47048815054
-12.7036520831
1.57088441205
-12.649499856
1.67096512436
-12.5958713888
1.77070971561
-12.5427931011
1.87008954086
-12.4903223562
1.96905914076
-12.4385279454
2.06756310792
-12.3874483565
2.16554592186
-12.3370752415
2.26296400686
-12.2873661309
2.35980156223
-12.2382660135
2.45606182369
-12.1897142032
2.5517618919
-12.1416512202
2.64693131538
-12.0940358207
2.74161123837
-12.0468609046
2.83585321239
-12.0001285462
2.92971443873
-11.9538331568
3.0232737056
-11.9079631106
3.11660338146
-11.8624904148
3.2097308424
-11.8173805721
3.30264855936
-11.7725996782
3.39531966459
-11.7281161345
3.48768323169
-11.6839401731
3.57964736175
-11.6401169377
3.6710976504
-11.5966989213
3.76191570606
-11.5537193741
3.85199966771
-11.5111764423
3.94127748313
-11.4690535714
4.02970278105
-11.4273253354
4.11725010348
-11.3859475543
4.20391829409
-11.3448467175
4.28973271031
-11.3039242382
4.37472701089
-11.2630891789
4.4589270835
-11.2222828507
4.54234094006
-11.1814738144
4.62494934545
-11.140631586
4.70671915816
-11.099719076
4.78761100436
-11.058703063
4.86758394989
-11.0175866867
4.94659792839
-10.9764126999
5.02461287049
-10.9352546298
5.10159104702
-10.8941866302
5.17749393336
-10.8532503268
5.25227873397
-10.8124747205
5.32589988491
-10.7718879131
5.39831554621
-10.7315154579
5.46949377826
-10.6913730971
5.53941701889
-10.651421748
5.60809865846
-10.6115722828
5.67557875408
-10.5717117919
5.74191161692
-10.5317378944
5.80714718538
-10.4915819106
5.87131588215
-10.4511866349
5.93443363292
-10.4104980029
5.99650782151
-10.3694691763
6.05753929523
-10.328065276
6.11752442808
-10.2862903914
6.17646137396
-10.2441898575
6.23435600278
-10.2018274678
6.29121820478
-10.1592744143
6.34705917872
-10.1165990548
6.40188889373
-10.0738566788
6.45571355109
-10.0310692515
6.50853256545
-9.98820628111
6.56033588228
-9.94520582853
6.61110644853
-9.90199649986
6.66082320179
-9.85851917962
6.70946703145
-9.81474719713
6.7570287148
-9.77066976926
6.80351353779
-9.726282422
6.84893912289
-9.68158752817
6.8933289915
-9.63659629141
6.93670842893
-9.59133077535
6.97910041828
-9.54582593283
7.02052157406
-9.50012824567
7.06097988837
-9.45428631706
7.10047869116
-9.40834991882
7.13901815185
-9.3623700614
7.17659715273
-9.3163993441
7.21321621065
-9.27049111877
7.24887858909
-9.22469793958
7.28359150858
-9.17904788306
7.31736439228
-9.13354078855
7.35020631375
-9.08815841225
7.38212689044
-9.0428745717
7.41313720992
-8.99766529023
7.44325075612
-8.95251894142
7.47248433559
-8.90744296092
7.50085949047
-8.86245084849
7.52840533251
-8.81755797783
7.55515810165
-8.77277970557
7.58116026725
-8.72812975795
7.60645661662
-8.68361766044
7.63108834062
-8.63923369854
7.65509734947
-8.59494957986
7.67852567147
-8.55072610935
7.70141523132
-8.50651941828
7.72380532577
-8.46228714806
7.74573003051
-8.417994634
7.76721560713
-8.37362108908
7.78827791005
-8.32916274309
7.80892195167
-8.28462038699
7.82915181445
-8.23999619219
7.84897204876
-8.19529228824
7.86838651266
-8.15051052698
7.88739902129
-8.10565277071
7.90601249345
-8.06072146038
7.924226781
-8.01571934332
7.94203958346
-7.97064918153
7.95944747545
-7.92551345995
7.97644693415
-7.88031409482
7.99303536682
-7.83505214193
8.00921213824
-7.78972750498
8.02497959819
-7.74433865236
8.04034406847
-7.69888358284
8.05531189779
-7.65336117379
8.06988520739
-7.60777185278
8.08405972088
-7.56211882958
8.09782658881
-7.51642136711
8.11116789152
-7.4707135499
8.12405886213
-7.42503809645
8.13647254133
-7.37944017162
8.1483844321
-7.33396119904
8.15977715443
-7.28863267349
8.17064510007
-7.24346997329
8.18099908728
-7.19846937051
8.19086540671
-7.15362017305
8.20027038644
-7.10890653362
8.20923695174
-7.06430840025
8.21778460565
-7.01980252727
8.22592951401
-6.9753630262
8.23368593722
-6.93096148797
8.24106801446
-6.88656774011
8.24808904647
-6.8421506135
8.25476074554
-6.79767870927
8.26109248548
-6.75312116558
8.26709055171
-6.70844785711
8.27274573415
-6.66362935172
8.27800797053
-6.61863885497
8.28279435669
-6.57345299286
8.28700369523
-6.52805221199
8.29053135343
-6.48242301464
8.29328149242
-6.43657217001
8.29516952939
-6.39052626457
8.29613156427
-6.34432543823
8.29612773479
-6.29801517693
8.29512491197
-6.25163988761
8.29309563871
-6.20523659737
8.29001826098
-6.15882865263
8.28587705901
-6.11242246301
8.28066022028
-6.06601968667
8.2743509162
-6.01962026097
8.26693035844
-5.97322410975
8.258378216
-5.92683167244
8.2486705724
-5.88044428487
8.23777586239
-5.83406438796
8.22565588148
-5.78769572136
8.212267652
-5.74134351707
8.19756528912
-5.69501469303
8.1815018669
-5.64871804679
8.16403128433
-5.60246444907
8.14511013135
-5.5562676048
8.12471121199
-5.5101450483
8.10285005757
-5.46411589341
8.07958304552
-5.41819837351
8.05500124918
-5.37240772595
8.02921647091
-5.32675315971
8.00234489122
-5.2812239597
7.97450071413
-5.23579025788
7.9457828381
-5.19040961865
7.91626759844
-5.1450355677
7.88602216944
-5.09962433863
7.85510172329
-5.05414149525
7.82354539645
-5.00856855396
7.79137225602
-4.96290640822
7.75858287495
-4.91716327833
7.72517471959
-4.87135259435
7.69114445901
-4.82549167407
7.6564887255
-4.77960084597
7.62120637157
-4.73370290636
7.58530279695
-4.6878227485
7.54878920265
-4.64198700693
7.51168098869
-4.59622370173
7.47399615167
-4.55056188278
7.43575368246
-4.50503127405
7.39697196379
-4.45966248527
7.357678825
-4.41448747167
7.31793453602
-4.3695392582
7.27781901281
-4.32485243316
7.2374131844
-4.28046275626
7.19678494905
-4.23640642238
7.15598294728
-4.19271906574
7.11503330406
-4.14943407803
7.07393226611
-4.10658178194
7.0326473197
-4.06419054819
6.991138968
-4.0222861303
6.94936626528
-3.98089087507
6.90729115864
-3.94002293305
6.86488282963
-3.89969321129
6.82212154941
-3.85990201137
6.77899805407
-3.82064058165
6.73550982703
-3.78189244821
6.69166262702
-3.74363598744
6.6474726041
-3.70584663966
6.60296938387
-3.66849904859
6.5581939251
-3.63156921586
6.51319552073
-3.59503665556
6.46802879892
-3.55888451475
6.42275084493
-3.52309303894
6.37741903361
-3.48764031766
6.33208883699
-3.45250338359
6.28679994039
-3.41765906351
6.24154941913
-3.38308557345
6.19630066348
-3.34876459309
6.15099320973
-3.31468469323
6.10555453454
-3.28084366629
6.05991500949
-3.24724302524
6.01401977589
-3.21388727514
5.96783838582
-3.18078400834
5.92136544894
-3.14794205597
5.87460061965
-3.11537142189
5.82754482739
-3.08308334079
5.78019769948
-3.05109033636
5.73255498402
-3.01940852672
5.68460645611
-2.98804312529
5.63633023731
-2.95697656289
5.58769118347
-2.92617626633
5.53864525565
-2.89560199204
5.48914239439
-2.86521282563
5.43912732419
-2.83497400929
5.38854543066
-2.80486375416
5.33734949429
-2.77486857814
5.28550090887
-2.74497342729
5.2329665216
-2.71516734339
5.1797186296
-2.68544185449
5.1257350027
-2.65578843913
5.07099895117
-2.62619473842
5.01550181492
-2.596641161
4.95924475353
-2.5671011438
4.90224176953
-2.53754087965
4.84451855639
-2.50791764433
4.78610517675
-2.47818595536
4.72703182044
-2.44829895795
4.66732679613
-2.41820812942
4.6070150141
-2.38786298349
4.54611646891
-2.35720368426
4.48464163601
-2.32615612383
4.42258903316
-2.29464370217
4.35995028734
-2.26259970445
4.29671628932
-2.22999191654
4.23288759174
-2.19683949104
4.1684803532
-2.16321006266
4.1035262862
-2.12920319253
4.03806811209
-2.09491896867
3.97214836741
-2.06044661406
3.9058051916
-2.02585347365
3.83906825454
-1.99118750983
3.77196007864
-1.95649370351
3.70450090783
-1.92181428388
3.63670973432
-1.88718803422
3.56860535841
-1.85264960307
3.50020742934
-1.81823006765
3.43153513178
-1.78395710424
3.36260682845
-1.749851503
3.29343849912
-1.71592470856
3.22404227414
-1.68218600386
3.15442695252
-1.64864491838
3.08460073072
-1.61531195476
3.0145744226
-1.58219931537
2.94436467931
-1.54932162887
2.87399720921
-1.51670376722
2.80351308386
-1.48438619895
2.73297287927
-1.45241365071
2.66245331477
-1.42084013056
2.5920473502
-1.38972926202
2.52185975849
-1.35913829979
2.45199712881
-1.32910270089
2.38255799554
-1.29963481381
2.31362840789
-1.27073765768
2.24528430204
-1.24239869383
2.17758689201
-1.21459469299
2.1105834358
-1.18730181893
2.04431237996
-1.16049016589
1.9788053477
-1.13412557307
1.91408910073
-1.10817236002
1.85018746652
-1.08259606206
1.78712327439
-1.057366165
1.72492022333
-1.03245619259
1.66360133354
-1.00784398271
1.60318765379
-0.983513623584
1.54370016953
-0.959450244388
1.48516273599
-0.935639581333
1.42760280054
-0.912069225457
1.37105163393
-0.888729870409
1.31554456159
-0.865623650629
1.26112428101
-0.842988484847
1.20736470348
-0.821071807502
1.15444898269
-0.800038610063
1.10253748069
-0.779872110892
1.05170825357
-0.760503835432
1.00199843471
-0.741845855109
0.953420550631
-0.723798397023
0.905971261657
-0.706257147131
0.859641314259
-0.689120128267
0.814424207934
-0.672293977083
0.770320861585
-0.655687878271
0.727338044686
-0.639198963273
0.685482279144
-0.622704644754
0.644757194771
-0.60605263636
0.605160406845
-0.589077529856
0.566686417492
-0.571627362257
0.529331664373
-0.553563590334
0.493093510904
-0.534762528918
0.457972128071
-0.515116600548
0.42397209066
-0.494533087687
0.39110096392
-0.472932884937
0.359367890226
-0.450249251252
0.328782175733
-0.426426562155
0.299351877041
-0.401419061949
0.271082387855
-0.384691308733
0.239055589667
-0.366929104292
0.209790305923
-0.346864007463
0.182514160663
-0.323997881718
0.156890112207
-0.297755793127
0.132732091233
-0.267479897287
0.109880095345
-0.232568931785
0.0881942827895
-0.192968797048
0.0676650153427
-0.149263266776
0.0484292507629
-0.102100910696
0.0306386916275
-0.0521302985287
0.0144450405141
0
0
