2
1000
36.1141885537
23.7770433956
36.104670054
23.7048425399
36.085993071
23.6426620093
36.0608717405
23.5952579262
36.0283912167
23.5606064895
35.9814746589
23.5313827363
35.9206482486
23.5036244628
35.8523436593
23.4777081718
35.7733035772
23.4507863102
35.6876894195
23.423682724
35.5989936117
23.3970255889
35.5076580108
23.3700706764
35.4150639785
23.3426153284
35.3393215059
23.310831879
35.2604867101
23.2808421077
35.1788134042
23.2524518616
35.0941846326
23.2251889899
35.0066481845
23.1986581756
34.9162470134
23.1723584067
34.8230978498
23.1458903039
34.7274417767
23.119019356
34.629624358
23.0915946723
34.5304383301
23.0638056703
34.4308400743
23.0360362906
34.3307348088
23.0080981818
34.2297830571
22.9797878694
34.1278551308
22.9509378894
34.025892797
22.921926283
33.9242145372
22.8928924159
33.8224745484
22.863768352
33.7204625636
22.8344262567
33.6180455133
22.8047740604
33.5151233964
22.7747772835
33.4116372626
22.7444206438
33.3076552174
22.713830739
33.2030255285
22.683059351
33.0973886428
22.6520434465
32.9903829457
22.6207155661
32.8814937644
22.5891233237
32.7707097299
22.557231959
32.6582480559
22.5251180202
32.5446826227
22.4930291526
32.4302493453
22.4609375073
32.3151195437
22.4288073798
32.1994123756
22.3965984551
32.0832054805
22.3642678121
31.9665456221
22.331771927
31.8494593323
22.2990686783
31.7319371874
22.2661297197
31.6136166078
22.2328158974
31.4939808695
22.1991804274
31.3729692673
22.1652403408
31.25061078
22.1309815539
31.1270445383
22.0963843457
31.0025862434
22.0614794783
30.8772772185
22.0263311931
30.7510220041
21.9909466521
30.6237334832
21.955291469
30.4954090234
21.9193654634
30.3660997683
21.8831852633
30.2358731073
21.8467633692
30.1047931975
21.8101081289
29.9729014852
21.7732237125
29.8402111564
21.7361175884
29.7067021577
21.6988163442
29.5724313055
21.6614172204
29.4370029593
21.6238165568
29.3003051888
21.5859666905
29.1622553921
21.5477975749
29.0227660532
21.5092394893
28.8817141197
21.470231411
28.7389775661
21.4307091726
28.5944994296
21.3906629655
28.4482824432
21.3501404742
28.300679829
21.30934516
28.1522104836
21.2683020099
28.0029632629
21.2270554601
27.8530313279
21.1856347825
27.7026262605
21.1440343809
27.5514537546
21.1021095517
27.3993966527
21.05983033
27.2464861187
21.017213233
27.0928463922
20.974295523
26.938645737
20.9311085554
26.7840692364
20.8876393706
26.6293168451
20.8437973332
26.4745853296
20.7994485838
26.3200616138
20.7544635272
26.1659187074
20.7087663787
26.0122967895
20.6622982683
25.8590090712
20.6148482344
25.7062435091
20.5664050957
25.553984737
20.5169820693
25.4021691801
20.4666139367
25.2506009271
20.4151638265
25.099168961
20.3625534727
24.9479157543
20.3088733824
24.7968916824
20.2541913374
24.6464667461
20.1986700457
24.49715802
20.1422749789
24.3490393045
20.0850060176
24.2021272765
20.0268954716
24.0563845283
19.9679908354
23.9116734193
19.9083018382
23.7683475871
19.8478641648
23.6265729461
19.7865834601
23.486385571
19.7243746321
23.3476938194
19.6611556286
23.2103408806
19.5968582941
23.0741594865
19.531460542
22.9390013667
19.4650134782
22.8047824068
19.3976008805
22.671471281
19.3292988582
22.5390785867
19.2601147896
22.4076871671
19.1899985015
22.2776264697
19.1188466341
22.1490474937
19.0464290991
22.0220742763
18.9726571591
21.8968346637
18.8975333433
21.7736416196
18.8212680446
21.6528066192
18.7440392463
21.5344819086
18.6658367553
21.418742654
18.5866056708
21.3052982038
18.5061506381
21.1936859835
18.4244561881
21.0838762973
18.3414748955
20.9759006307
18.2571491614
20.8698095015
18.1714471747
20.7658700741
18.0845174088
20.6641389765
17.996449834
20.5645956627
17.9072755881
20.4670669295
17.8167652323
20.3715774481
17.7245921093
20.2782177853
17.6307938991
20.1870751368
17.535519122
20.0982075441
17.4389614288
20.0116210417
17.3413049348
19.9272899141
17.242662621
19.8451564592
17.1431085867
19.7651203687
17.0427147862
19.686883675
16.9415708064
19.6103730498
16.8398685376
19.5355984676
16.7374336935
19.4627537409
16.6342494288
19.3919826627
16.5303739581
19.323289535
16.4257267319
19.2566889928
16.3202662945
19.1922091286
16.2139757841
19.1298775997
16.1068489149
19.0697076014
15.998889646
19.0116838378
15.8901095009
18.9557484915
15.7805248872
18.9017918065
15.6701727899
18.84944743
15.5590131094
18.7985682669
15.4471173112
18.7491287761
15.334537976
18.7015018913
15.2213026659
18.6558239096
15.1077760913
18.6122020641
14.9939886854
18.5707318353
14.8798827835
18.5314711856
14.7653708461
18.494457393
14.650369256
18.4597228102
14.5348444925
18.4273025034
14.4187987133
18.3972318758
14.3022782679
18.3695423192
14.1854928555
18.3442613882
14.0685718056
18.3214138146
13.9518200392
18.3008698787
13.8353055923
18.2825083783
13.7190007049
18.2663014401
13.6030008417
18.2522241035
13.4873914885
18.2402698736
13.3722351264
18.23045932
13.2575585676
18.2228630899
13.1433217654
18.2176172839
13.0293945276
18.2148857746
12.9156334234
18.2148163525
12.8019433651
18.2175228821
12.6882678161
18.2231147708
12.5745986139
18.2317954749
12.4612452983
18.2433919919
12.3488783148
18.2578086664
12.2375932025
18.2749562759
12.1274036679
18.2947683908
12.0182798056
18.3172217811
11.9101656147
18.3423118872
11.8030095603
18.3700313771
11.6967764727
18.4003716943
11.5914412355
18.4333189163
11.4869688026
18.4688550964
11.3832075844
18.5069553685
11.2803598154
18.5475842132
11.1786514497
18.5907331438
11.0781794339
18.6364493216
10.9790049804
18.6848079961
10.8811602224
18.7358702658
10.7846695827
18.7896574783
10.6895603631
18.846166295
10.5958680578
18.9053588666
10.5036736787
18.9671606467
10.4131355335
19.0315120754
10.3244208102
19.0983936355
10.2376341122
19.1678018471
10.1528136628
19.2396874734
10.070018736
19.3136941864
9.98932922595
19.3897515953
9.91047106897
19.4678261366
9.83346423792
19.547891157
9.75835486392
19.6299302783
9.68519647357
19.7139235256
9.6140521
19.7998454578
9.54499656362
19.8876668846
9.47811836252
19.9773531924
9.41351214182
20.0689058383
9.35126456765
20.1623791957
9.29143019514
20.2578002428
9.23379323349
20.3551183393
9.17815527043
20.4542377179
9.12446193314
20.5550076442
9.07269676034
20.6572622227
9.0228604634
20.7608633992
8.97495181483
20.8657122092
8.92897270886
20.9716985056
8.88498402965
21.0786720329
8.8431327514
21.1864674251
8.80357566712
21.2949309849
8.76640006795
21.4039450779
8.73161209174
21.5134267373
8.69918387976
21.6233498131
8.66901968779
21.7338596318
8.64077216742
21.8449570567
8.61434729945
21.9566276749
8.58969044819
22.0688564429
8.56677166652
22.1816411866
8.54557513018
22.2950053363
8.52608874154
22.408986925
8.50829373341
22.5236273607
8.49215828073
22.6389883762
8.4776446053
22.7550896991
8.4647113928
22.8718607821
8.45333611154
22.9892242914
8.44353773974
23.1071277958
8.43532966269
23.2254814669
8.4286682897
23.3441807174
8.42347747319
23.4631443073
8.41968449716
23.5823314631
8.41722977873
23.7017279535
8.41606844038
23.8213711692
8.41611083146
23.9413983816
8.41723905228
24.0619636019
8.41935645798
24.1831364512
8.42239116491
24.3048892567
8.42629226827
24.4271797466
8.43102183452
24.5499715546
8.43654961077
24.6732676312
8.44284769615
24.7971916642
8.44996055111
24.9219209636
8.45796008268
25.047499776
8.46680990701
25.1739170488
8.47647346642
25.3011203696
8.48691420295
25.4290217347
8.49809573209
25.557504859
8.50997839871
25.6863891626
8.5225153787
25.8154516532
8.53566051827
25.9445478965
8.54935558515
26.0736682134
8.56352710416
26.2028873051
8.57811110846
26.3323476286
8.59308241911
26.4622034587
8.60844178042
26.5925592146
8.62420311094
26.7234534823
8.64041495502
26.8548847561
8.65712688498
26.9868220846
8.67437454267
27.1191807302
8.69211839933
27.2518641139
8.71027475661
27.3848205607
8.72879742897
27.5180551381
8.74768632456
27.6515871898
8.76694144339
27.7854630388
8.78656278544
27.9197195408
8.80655035073
28.0542566374
8.82682880141
28.1888836582
8.8472903637
28.3235175778
8.86793503761
28.4581495095
8.88876282313
28.5928903891
8.90977372027
28.7278078544
8.93096772903
28.8629185516
8.9523448494
28.9982903917
8.97390508139
29.1340799459
8.99562639514
29.2704172268
9.01744124708
29.4073759637
9.0392682109
29.5450642414
9.06107519965
29.6835100795
9.08286110528
29.8227261136
9.10462518349
29.9627803804
9.1263489208
30.1038085332
9.14790581016
30.2459418184
9.16915741617
30.3892013031
9.1900023839
30.5335359323
9.21034429417
30.6789414568
9.23013696144
30.8255199345
9.24938029386
30.9734062803
9.26807429143
31.1227175984
9.28621895415
31.273501649
9.30381413171
31.4256692866
9.32075487085
31.5790984885
9.33686659589
31.7338079912
9.35206583678
31.8898449174
9.36620005538
32.0472206745
9.37909218918
32.2058632217
9.39070254166
32.3657813419
9.40103111283
32.5270667112
9.41007790268
32.6898029587
9.4178118033
32.8540234556
9.42416592758
33.0197460398
9.42910089075
33.1869818215
9.43256750999
33.3556574766
9.43446744108
33.5257087854
9.43467661177
33.6970897937
9.43307118372
33.8697421277
9.42955697162
34.043592584
9.42416033833
34.2185949748
9.41693361879
34.3948084903
9.40792377369
34.5723447821
9.39709046032
34.7512754058
9.38430147807
34.9316143384
9.36944781034
35.1133962394
9.35245021086
35.2965482042
9.33324957173
35.4809204409
9.311804636
35.6664740528
9.28818879516
35.8532410312
9.26254815371
36.0411357869
9.23493404619
36.2299961112
9.20545645613
36.4195447838
9.17422493472
36.6095559228
9.14118446029
36.7998648656
9.10622651735
36.9903181616
9.06924221015
37.1807720679
9.03016678771
37.3711056133
8.989019762
37.5611745546
8.94586484259
37.750738518
8.90078771114
37.9396490895
8.8538865588
38.1278472208
8.80525953432
38.3152413672
8.75500482247
38.5016470747
8.70325973757
38.6868280524
8.65011157848
38.8705766937
8.59554634463
39.0527222007
8.5395113202
39.2331009955
8.48205584046
39.4115141668
8.42328281412
39.5877167914
8.36322547802
39.7614169698
8.30188098703
39.9324408696
8.23922239639
40.1007255659
8.1752331014
40.2662105644
8.10992510122
40.4288292606
8.04332792255
40.5885392063
7.97555045606
40.7453610012
7.90674316546
40.8994184539
7.8369482402
41.050764997
7.7661978949
41.1993804844
7.69453903599
41.3452338837
7.62204933237
41.4882950511
7.548848154
41.6284996426
7.4750236941
41.7657451706
7.40062764393
41.8999855271
7.32569855069
42.0311604247
7.25027007057
42.1592118972
7.1743778719
42.2841315515
7.09802055446
42.405982524
7.02108314461
42.5248427675
6.94344870765
42.6407416968
6.86509052869
42.753669802
6.78612115514
42.8636083831
6.70670941302
42.9705141225
6.62695329384
43.0742710651
6.54692075812
43.1748279322
6.46666705044
43.2722121176
6.38623664409
43.3664692998
6.30564085985
43.457656993
6.22485651213
43.5458312963
6.14385134824
43.6310365421
6.06253164636
43.7133137717
5.98079693779
43.7927136759
5.89870228082
43.8692905075
5.81634443947
43.9430985904
5.73380073188
44.0141846977
5.6510906181
44.0825869761
5.5681541503
44.1483539936
5.48492593237
44.2115760453
5.40135521279
44.2723310094
5.31739590124
44.3306289124
5.23300088315
44.3864615517
5.14811750868
44.4398442287
5.06272336932
44.4908552457
4.97682726444
44.5396151057
4.89043621196
44.586258394
4.8035644916
44.6309062227
4.71613625911
44.6736621606
4.62805856989
44.7146712481
4.53932514943
44.7541416533
4.44997526693
44.7921982662
4.3600752033
44.8288766307
4.26970642633
44.8641914642
4.17894834836
44.8981492945
4.08786157518
44.9307610844
3.99647241065
44.9620497831
3.90477555292
44.9920443204
3.81273520618
45.0207712631
3.72029760554
45.0482563196
3.62741217845
45.074525851
3.53405090501
45.0996086418
3.4402176786
45.1235407655
3.34594235488
45.146375214
3.25126544368
45.1681749238
3.15622367372
45.1889909222
3.060855128
45.2088537581
2.96520251478
45.2277601084
2.86931663386
45.2456592886
2.77325967951
45.2624484981
2.67711500725
45.2780115027
2.58097365047
45.2922629024
2.48491475503
45.3051638324
2.38899194224
45.3167186337
2.29323073899
45.3269452963
2.19764286152
45.3358690068
2.10222006622
45.3435131736
2.00693509791
45.3498892706
1.91174270105
45.3549514675
1.81656531098
45.3586134179
1.7213157762
45.3607983527
1.62594208948
45.3614355787
1.5304266963
45.3604537075
1.43476961287
45.357796903
1.338984148
45.3534411232
1.24310494434
45.3473874948
1.14718449725
45.3396458077
1.05127270261
45.3302311597
0.955404490542
45.3191621038
0.859601711357
45.3064695302
0.763880290082
45.2922045349
0.668255629897
45.2764328615
0.572748846933
45.259231669
0.477393924719
45.2406571739
0.382253016966
45.2207360757
0.287404445721
45.1994661086
0.192926504494
45.1768157953
0.0988813244736
45.1527465258
0.00529496234888
45.1272016702
-0.0878330493676
45.1001144646
-0.180524887772
45.071404643
-0.272840421282
45.0409639218
-0.364898843248
45.0086876046
-0.45681393211
44.9745438548
-0.548609570496
44.9385689687
-0.640199594752
44.9007943394
-0.731477788929
44.8612446507
-0.822346273535
44.8199433148
-0.912730940911
44.7768957572
-1.0026015955
44.732083085
-1.09198063851
44.6854632193
-1.18092445112
44.6369796311
-1.26949123314
44.5865538321
-1.35771334637
44.5340687592
-1.44559323133
44.4793856835
-1.5331223912
44.4223898354
-1.62029937493
44.36302821
-1.70714823802
44.3012885752
-1.79373144323
44.2372071458
-1.88015356747
44.1708418232
-1.96653469875
44.1022352516
-2.05297985704
44.0313833236
-2.13956217659
43.9582569693
-2.22632450529
43.8828669284
-2.3133034521
43.805262179
-2.40053573538
43.725528926
-2.48802339982
43.643808278
-2.5756890242
43.5603040987
-2.66340200102
43.4752262457
-2.75104474675
43.3887101295
-2.83857257643
43.3008348223
-2.92597328579
43.2116540105
-3.01324451154
43.1212015309
-3.1003847195
43.0294933306
-3.18739241779
42.9365262602
-3.27430701324
42.8422943489
-3.36118434469
42.7467945214
-3.44804295679
42.6500348112
-3.53483361917
42.5520593487
-3.6215152828
42.4529272514
-3.70805618797
42.3526611138
-3.79442283761
42.2511927996
-3.88063031286
42.148401602
-3.96674258934
42.0441726058
-4.05281616498
41.9384505347
-4.13885904335
41.8312554089
-4.22487637401
41.7226749687
-4.31088250193
41.6128121728
-4.39688765279
41.5017222841
-4.48289046273
41.3894053859
-4.56884565641
41.2758793786
-4.65463945291
41.1611911364
-4.74016583925
41.0453352211
-4.82541755025
40.928248255
-4.91048774348
40.8098741595
-4.99547372758
40.6901633915
-5.08045477333
40.5690668525
-5.16549512714
40.4465533894
-5.25063202224
40.322606582
-5.33587367389
40.1972182744
-5.42116784684
40.0704242896
-5.50641831746
39.9423172201
-5.5915662518
39.8130559944
-5.67664819429
39.6828444719
-5.76171040076
39.5518804681
-5.84678110176
39.4203142611
-5.93185421366
39.2882879835
-6.01682824078
39.1559465452
-6.10152341145
39.0234119276
-6.18576191268
38.8907578939
-6.26943388585
38.7580080545
-6.35249339125
38.6251300825
-6.43494613743
38.4920571553
-6.5167815114
38.3587477915
-6.59791331776
38.2251975706
-6.67824628586
38.0913695464
-6.75774218475
37.9571852578
-6.83637283319
37.8225758027
-6.91407318916
37.6875309239
-6.99074408538
37.5521039105
-7.06631139362
37.4163992536
-7.1407244616
37.28054156
-7.21395260395
37.1446454415
-7.28599212286
37.0088130044
-7.35680059933
36.8731345877
-7.42630730996
36.7376378327
-7.49448771771
36.6022705214
-7.56140011781
36.4669083728
-7.62709925607
36.3314015184
-7.69163729047
36.1956603487
-7.75507965603
36.0597100932
-7.81746672593
35.9236464373
-7.87880234645
35.7875695732
-7.93909152915
35.6515371223
-7.99837719212
35.5155568138
-8.05669353141
35.3796095372
-8.11403375771
35.2437068246
-8.17034232508
35.1079221421
-8.22556860751
34.9723760243
-8.27972060323
34.8371803078
-8.3328281475
34.7024023981
-8.38490808443
34.5680780139
-8.43595045903
34.4342250028
-8.48593093377
34.3008477347
-8.53482651531
34.1679315706
-8.5826225095
34.0354208465
-8.62930722728
33.9032176368
-8.67485915152
33.7712500532
-8.71922608569
33.6395063903
-8.76238352878
33.5079718081
-8.80434829246
33.3766271612
-8.84511921554
33.2454788229
-8.88461483185
33.1145446187
-8.92274910629
32.9838185074
-8.95945006108
32.8532390985
-8.99466453746
32.722685157
-9.02840730449
32.5920035027
-9.06076080092
32.4610635574
-9.09181522678
32.3297969328
-9.12161928781
32.1982090084
-9.15018612723
32.0663539175
-9.17748159859
31.9342715
-9.20348013638
31.8019418766
-9.22821911071
31.669292023
-9.25176770872
31.5362679332
-9.27420570145
31.4028689724
-9.29562945811
31.2691296941
-9.31615353464
31.1350885544
-9.33588603772
31.0007585088
-9.35490482782
30.8661140434
-9.37326297337
30.7311264489
-9.39099425123
30.5957986457
-9.40810691614
30.4601278432
-9.42461118473
30.3240761755
-9.44053035587
30.1876504412
-9.45588067031
30.0509267608
-9.47066576957
29.9140051267
-9.48488686388
29.7769717567
-9.49853986262
29.63987152
-9.51161056748
29.5027113195
-9.52406272885
29.365465887
-9.53584922767
29.228100056
-9.54693078853
29.0905847343
-9.55728362633
28.9529199281
-9.56690401767
28.8151123375
-9.57582042768
28.6771615553
-9.58410467148
28.5390734413
-9.59182298592
28.4008593987
-9.5989919655
28.262517369
-9.60561161023
28.1240206149
-9.61168192011
27.9853347681
-9.61720289515
27.8464242393
-9.62217453533
27.7072651066
-9.62659684067
27.567868481
-9.63046981115
27.42832137
-9.63379344679
27.2887876962
-9.63657856094
27.1494206392
-9.63886527475
27.0103154014
-9.6407093353
26.8715292505
-9.64216477277
26.7330642755
-9.64324515521
26.5948549496
-9.6439418138
26.4568077974
-9.64424538085
26.3188587963
-9.64416546857
26.1810219797
-9.64374108749
26.0433782558
-9.64301965728
25.9060546837
-9.64204833153
25.7691866942
-9.64086638566
25.632889896
-9.63949742195
25.4972402132
-9.63792360398
25.362292647
-9.63609916515
25.2281015577
-9.63397082593
25.0947221688
-9.63149448788
24.9622051743
-9.6286519266
24.8305844692
-9.62544314208
24.6998828891
-9.62186813434
24.5701067162
-9.61792690335
24.441248495
-9.61361944914
24.3132925722
-9.60894577169
24.1861917671
-9.60388723308
24.0598306776
-9.59838823473
23.9340477279
-9.59238171464
23.8087343272
-9.58581427673
23.6838593979
-9.57864167721
23.559425231
-9.57082405806
23.4354548546
-9.56235421309
23.3119838842
-9.55324921603
23.1890539638
-9.54353050297
23.0667056239
-9.53320362207
22.9449710794
-9.52224458681
22.8238861687
-9.51062465988
22.7034827882
-9.49831003384
22.5837767266
-9.48525831916
22.4647501786
-9.47140782758
22.3463594333
-9.45669950638
22.228536851
-9.4410892461
22.1112029787
-9.4245406645
21.9942933935
-9.40701477447
21.8777671761
-9.38844415536
21.7616158216
-9.36874301936
21.6458566355
-9.34783017314
21.530541135
-9.32563375331
21.4157492793
-9.30209228333
21.3015687509
-9.2771510305
21.1880966748
-9.25077796773
21.075442635
-9.22297942013
20.9637085727
-9.19377189152
20.8529595202
-9.163154259
20.7432305619
-9.13111183205
20.6345468167
-9.09764885248
20.5269327008
-9.06278338768
20.4204149116
-9.02653062204
20.3150125573
-8.98888463207
20.2107249051
-8.94981146018
20.1075255501
-8.90927967157
20.0053596597
-8.8672639254
19.9041662532
-8.82374624862
19.8039018364
-8.77871757278
19.7045545969
-8.73220766968
19.6061284848
-8.68428508306
19.5086277861
-8.63502890772
19.4120439809
-8.58450290452
19.3163566939
-8.53273475164
19.2215484653
-8.47973519303
19.1276058358
-8.42551620912
19.0345219621
-8.3700884902
18.9422838638
-8.31345645739
18.8508752541
-8.25561498066
18.7603122801
-8.19656937825
18.6706549119
-8.13635413396
18.5819625381
-8.07500774356
18.4942443068
-8.01254860219
18.4074718914
-7.94898397873
18.3215996651
-7.88431996451
18.2365793236
-7.81853837517
18.1523721511
-7.75160405693
18.0689544207
-7.68348202942
17.9863111231
-7.61415126599
17.9044325043
-7.54361240671
17.8233100293
-7.47186339282
17.7429373032
-7.39890230563
17.6633025292
-7.32473431556
17.5843990106
-7.24938368196
17.5062427892
-7.17287211327
17.4288893955
-7.09520675267
17.3524163126
-7.01638846398
17.2769131215
-6.9364233335
17.2024820678
-6.85534804447
17.1292103562
-6.77321762237
17.0571096209
-6.69007673525
16.9861181086
-6.60595613164
16.9161358827
-6.52087583607
16.8470678676
-6.43485502579
16.778830666
-6.34790183988
16.7113081637
-6.25999807222
16.6443948353
-6.17112637592
16.578046958
-6.08129672381
16.5122711185
-5.99053990384
16.4471009549
-5.89890224283
16.3825721458
-5.80644229321
16.3187116087
-5.71321954951
16.2555310145
-5.6192848909
16.193031601
-5.52467449684
16.131199504
-5.429404985
16.0700120433
-5.33347708324
16.0094484915
-5.23688000511
15.9495036734
-5.139582274
15.8901742425
-5.04152306564
15.8314409142
-4.94263293265
15.7732537438
-4.84286316848
15.7155480293
-4.74220347465
15.6582455475
-4.64066932829
15.6012481529
-4.53828473776
15.544464923
-4.43507908718
15.4878703027
-4.33109000363
15.4315036353
-4.22636356735
15.3754281937
-4.1209586098
15.3196872241
-4.01493943511
15.2642800431
-3.90836895883
15.2092057818
-3.80130732881
15.1544708658
-3.69381123288
15.1000791404
-3.58592946499
15.0460185241
-3.47769447867
14.9922587271
-3.36911659736
14.938769688
-3.26019137848
14.8855262061
-3.15091520291
14.8325143949
-3.04129651582
14.7797318336
-2.93135967074
14.7271932146
-2.82115040271
14.6749244667
-2.7107319095
14.6229595237
-2.60017839155
14.5713211566
-2.4895824844
14.5200038604
-2.37905772278
14.4689516108
-2.26872022971
14.4180807514
-2.15866955502
14.3673047534
-2.04897873533
14.3165526631
-1.93970870696
14.2657895955
-1.83091311465
14.2150631027
-1.722645811
14.1644795897
-1.61496146975
14.1141452404
-1.5079149047
14.0641275649
-1.40155108431
14.014433237
-1.29590015241
13.9650516837
-1.19097894901
13.9159635651
-1.08679383987
13.8671400315
-0.983343921797
13.8185488596
-0.880627672197
13.7701723226
-0.778648770691
13.7220028532
-0.677413283168
13.6740330827
-0.576928718821
13.626249343
-0.477203363174
13.5786242307
-0.37825011989
13.5311330218
-0.280097173083
13.4837573694
-0.182783551466
13.4364817362
-0.0863531162175
13.3892827618
0.00914017143832
13.3421387149
0.103637577045
13.2950517163
0.197094370821
13.2480759975
0.289494460851
13.2013018188
0.380855600845
13.1548366509
0.471210297231
13.1087845786
0.560598916476
13.0632141043
0.649066299059
13.018101088
0.736661717567
12.9733429805
0.823433750641
12.9288181332
0.909434376225
12.8844375534
0.99471521827
12.8401724043
1.07932085375
12.7960131442
1.16328727345
12.7519592103
1.24664033302
12.7080194101
1.32939415848
12.6642141177
1.41154633434
12.620562189
1.4930754542
12.5770782516
1.57394502941
12.533770146
1.65411719122
12.4906362506
1.73355880997
12.4476629145
1.81224080029
12.4048140947
1.89014631321
12.3620350696
1.96727179347
12.3192628055
2.04362641308
12.2764368478
2.11924105197
12.2335104234
2.19416863287
12.190462917
2.26846776659
12.1472986047
2.34218636652
12.1040268409
2.41535313314
12.0606477811
2.48799247649
12.01715523
2.56012732216
11.9735359723
2.63178008768
11.9297677366
2.70297389003
11.8858341853
2.77373553781
11.8417216939
2.84409515431
11.7974145667
2.91409690192
11.7528896035
2.98379280524
11.7081111669
3.05323530675
11.6630307122
3.12247119191
11.6175860871
3.19153526261
11.5717019527
3.26044694785
11.5253112833
3.32919936717
11.4783491207
3.39776860272
11.4307580179
3.46612388058
11.3825054367
3.53422919234
11.3336000399
3.60205185174
11.2840836472
3.66959139136
11.2340065169
3.73689592664
11.1834150375
3.80404046459
11.1323482882
3.87110252401
11.0808291292
3.93814204708
11.0288481861
4.00518546615
10.9763613684
4.07220992467
10.9233043425
4.13915749895
10.8696097605
4.20597070872
10.8152184986
4.27259265034
10.7600893868
4.33896706806
10.7042087955
4.40503839966
10.6475797603
4.47074838814
10.5902106236
4.53602965246
10.5321116769
4.60080206077
10.473291809
4.66499829792
10.4137592382
4.72856392982
10.35352207
4.7914550028
10.2925886591
4.85363556891
10.2309650463
4.91507561537
10.1686384686
4.97577243441
10.1055969331
5.03574673135
10.0418386875
5.09502460253
9.97737246206
5.15363614041
9.91220614578
5.21161930753
9.8463469057
5.26901571073
9.7798077682
5.32583467835
9.71260096254
5.38204841333
9.64472239613
5.43758983506
9.57613151316
5.49237258185
9.50674769626
5.54633265388
9.43648137071
5.59944675508
9.36526289671
5.65172040645
9.29305248169
5.70315356484
9.2198226501
5.75374114004
9.14555522451
5.80347357393
9.07023914858
5.85233741972
8.99386722703
5.90031196713
8.91643229012
5.94735930957
8.83793270191
5.99342541115
8.7583753208
6.03843149454
8.67777443715
6.08229247677
8.59615088408
6.12493786997
8.51353144033
6.16632173795
8.42994937715
6.20642093434
8.34545854435
6.24522774363
8.26012895111
6.28274183542
8.1740250803
6.31899197669
8.08718135851
6.35402422068
7.99959762691
6.38784727594
7.9112466097
6.42038785614
7.82208032591
6.45152591007
7.73203139487
6.48113683086
7.64100500986
6.50913366517
7.54893763835
6.53548307531
7.45584679148
6.56019952809
7.36182213522
6.58332764496
7.26696384326
6.60489819937
7.1713575561
6.62493123354
7.07508091599
6.64343978823
6.97819710109
6.66043363266
6.88074785972
6.67591849922
6.78275541301
6.68985974892
6.68423040773
6.7022127751
6.58517390399
6.71294495333
6.48558517848
6.72208051577
6.3854687048
6.72966110909
6.2848305682
6.73572378361
6.18367246157
6.74031590976
6.08198366732
6.74349860923
5.97969907225
6.74530209517
5.87671068866
6.74571635381
5.77292301648
6.74469531495
5.6682984673
6.74218515935
5.56283758122
6.7381359167
5.45656584718
6.7325293976
5.34953720262
6.72538251064
5.24184346681
6.71675057947
5.13364366434
6.70670528904
5.02512923056
6.69529509329
4.91645690111
6.68252428638
4.80770444267
6.66836614001
4.69889244724
6.65280322665
4.59001469262
6.63582037662
4.48105084283
6.6173881588
4.37198187065
6.59746257351
4.26280683411
6.57599513009
4.15354857873
6.55298244784
4.04424757444
6.52845567676
3.93495819991
6.5024600203
3.82574322348
6.47499695797
3.71666494408
6.44604893847
3.60778597129
6.41560111819
3.49917125508
6.38364868855
3.39089031476
6.35018506023
3.28303584751
6.31522014457
3.17570463451
6.27876575039
3.06896487379
6.2408185847
2.9628374624
6.20136004697
2.85733914449
6.16039102918
2.75250409582
6.11791677452
2.64838025805
6.07391912797
2.54505504665
6.02834242331
2.44261586168
5.98110592691
2.34111002924
5.93213382
2.24054967112
5.88137091941
2.14095096692
5.82879144925
2.04235085545
5.77439324154
1.94479516917
5.71819300814
1.84834342693
5.66023047598
1.75307056253
5.60056051724
1.65905917195
5.53928710418
1.56639009129
5.47653731216
1.4751397524
5.41241494857
1.38537208753
5.34694994627
1.29713242313
5.28013989874
1.21045636093
5.21198129224
1.12538190839
5.14246022874
1.04196276586
5.07153175608
0.960299077345
4.99917054114
0.880532959909
4.92539949933
0.802815726932
4.8502798459
0.727266315516
4.77387655068
0.653979233828
4.6962489441
0.58301944233
4.61745668641
0.514416032338
4.53756348668
0.448172647249
4.45664009949
0.384247411244
4.37475771033
0.322578618714
4.29197938857
0.263119749927
4.20835762993
0.205855524658
4.12392867649
0.150784677909
4.03871485938
0.0979135550374
3.95274223807
0.0472550564656
3.86606032253
-0.00117563258895
3.77874115782
-0.0473717000181
3.69087534701
-0.0913376022726
3.60252039705
-0.133087001878
3.5137090163
-0.17264110658
3.42447816773
-0.210025643805
3.33491557011
-0.245264437964
3.24512873416
-0.278382609838
3.15522258389
-0.30940880305
3.0653003113
-0.338378452189
2.97546573236
-0.365351883615
2.88579585633
-0.390394103453
2.79633161443
-0.413544643558
2.70710846935
-0.434794318507
2.61818448312
-0.454119144906
2.52963587355
-0.471499812269
2.44155849569
-0.486910797427
2.35407496656
-0.500329520783
2.26733023484
-0.512152089956
2.18081499008
-0.522408051614
2.09468367292
-0.531150055455
2.00902946882
-0.538426672356
1.92397268836
-0.544281012694
1.83971486973
-0.548749425443
1.75641768407
-0.551867104631
1.6741471386
-0.553670192646
1.59291698073
-0.554190754107
1.51269886454
-0.55345116172
1.4334177962
-0.551457665879
1.35500078012
-0.548192741334
1.277455102
-0.543606818748
1.2009494017
-0.537611549192
1.12576429946
-0.530069298802
1.05216747592
-0.520828786614
0.980325204756
-0.509821393608
0.910393034011
-0.497058310222
0.842519206079
-0.482595203313
0.776824373933
-0.466452336562
0.713367002752
-0.448631133477
0.652200147989
-0.429130087283
0.59339942583
-0.407939190976
0.537058111407
-0.385057043688
0.48328087776
-0.370042949161
0.418243220049
-0.353133893026
0.356544768537
-0.333986054624
0.298458153281
-0.312138060157
0.243652485352
-0.287022669342
0.192465204487
-0.257978248615
0.14644453339
-0.224364961545
0.107761453044
-0.186085371644
0.075999367751
-0.144445378029
0.0498273665951
-0.0998190307124
0.0282593743511
-0.0515616794228
0.0111657168681
0
0
