2
1000
-47.9020979021
-1.3986013986
-47.9015312808
-1.41015081103
-47.9001452257
-1.42112338395
-47.8979024273
-1.43146650319
-47.8947655762
-1.44112755455
-47.8906973629
-1.45005392384
-47.8856604779
-1.45819299687
-47.8794745198
-1.46549559044
-47.8701804139
-1.47197096755
-47.8559481218
-1.47770272219
-47.8368557622
-1.48279096161
-47.8129411125
-1.487329019
-47.7848169837
-1.49139753961
-47.7647676113
-1.4971529867
-47.7432714605
-1.50257404436
-47.7203038258
-1.5076678513
-47.6958395036
-1.51244285396
-47.6698516412
-1.51690881729
-47.6423105854
-1.52107683549
-47.6131823174
-1.52495934273
-47.5824242064
-1.52857012389
-47.5499874249
-1.53192432529
-47.5158210531
-1.53503846548
-47.479876183
-1.53793044589
-47.4421100234
-1.54061956164
-47.4024872583
-1.54312651225
-47.3609766733
-1.54547341238
-47.3176354278
-1.54768174395
-47.2726987853
-1.54976857939
-47.2264344727
-1.55174733327
-47.1790218663
-1.55362869947
-47.1305376247
-1.55542133787
-47.0810308427
-1.55713238782
-47.0305678666
-1.5587678589
-46.9792461021
-1.56033293332
-46.9270880696
-1.5618322036
-46.8740357131
-1.5632698618
-46.8200133288
-1.56464985248
-46.7643299733
-1.56588741166
-46.7069037712
-1.56699187916
-46.6475702155
-1.56797263155
-46.5862651528
-1.56884057753
-46.5230212706
-1.56963403941
-46.4579063191
-1.57040996037
-46.3909991852
-1.57122129844
-46.3223686213
-1.57209447529
-46.2520449942
-1.57303717426
-46.1800388409
-1.57405675879
-46.1063810189
-1.57516026166
-46.031110858
-1.57635437429
-45.9542653423
-1.57764543598
-45.8758751366
-1.57903942315
-45.7959653721
-1.58054193865
-45.7145677076
-1.582158201
-45.6317220727
-1.58389303365
-45.5474726965
-1.58575085422
-45.4618665303
-1.58773566382
-45.3749515554
-1.58985103625
-45.2867799305
-1.59210010732
-45.1974059762
-1.59448556406
-45.106883324
-1.59700963401
-45.01526677
-1.59967407449
-44.9226095526
-1.60248016184
-44.8289789876
-1.6054286807
-44.7344857554
-1.60851991326
-44.639325375
-1.61175386024
-44.5435970775
-1.61512873474
-44.4473097948
-1.61861507003
-44.3504468307
-1.6221645016
-44.2529994694
-1.62573236231
-44.1549891177
-1.62930022302
-44.0564819553
-1.63286808373
-43.9575550881
-1.63643594444
-43.8582329478
-1.64000380515
-43.7584867766
-1.64357166586
-43.6582796759
-1.64713952657
-43.5576074076
-1.65070738728
-43.4564919196
-1.65427524799
-43.3549587232
-1.6578431087
-43.2530301188
-1.66141096941
-43.1507267648
-1.66497883012
-43.0480753814
-1.66854669084
-42.9451148137
-1.67211455155
-42.8418935294
-1.67568241226
-42.7384687256
-1.67925027297
-42.6349047327
-1.68281813368
-42.5312631016
-1.68638599439
-42.4276146429
-1.6899538551
-42.3240696593
-1.69352171581
-42.2208312722
-1.69708957652
-42.1180220246
-1.70065565032
-42.0156827605
-1.70419047049
-41.9138308668
-1.70764567249
-41.8124772698
-1.71097658922
-41.7116365205
-1.71416479151
-41.6113486928
-1.71721027938
-41.5116620563
-1.72011305282
-41.4125994381
-1.72287311183
-41.3141877731
-1.72549045642
-41.2164850897
-1.72796508657
-41.1195615372
-1.7302970023
-41.0234761605
-1.73248620359
-40.9282845643
-1.73453269046
-40.8340380663
-1.7364364629
-40.7407793565
-1.73819752092
-40.6485372568
-1.7398158645
-40.5573254015
-1.74129149366
-40.4671430066
-1.74262440838
-40.3779789502
-1.74381460868
-40.2898183599
-1.74486209455
-40.2026471138
-1.74576686599
-40.1164563963
-1.74652892301
-40.0312257687
-1.74714826559
-39.9468905565
-1.74762489375
-39.8632904811
-1.74795880748
-39.7803421871
-1.74815179369
-39.6980402212
-1.7482333191
-39.6163970179
-1.74825174825
-39.535419392
-1.74825174825
-39.4550903956
-1.74825174825
-39.3753569787
-1.74825174825
-39.2961629588
-1.74825174825
-39.2175067952
-1.74825174825
-39.1394419581
-1.74825174825
-39.0620298498
-1.74825174825
-38.9852951791
-1.74825174825
-38.9092284215
-1.74825174825
-38.8337989709
-1.74825174825
-38.7589681052
-1.74825174825
-38.6846989075
-1.74825174825
-38.610958475
-1.74825174825
-38.5377136327
-1.74825174825
-38.4649269401
-1.74825174825
-38.3925580553
-1.74825174825
-38.3205671391
-1.74825174825
-38.2489190715
-1.74825174825
-38.1775876301
-1.74825174825
-38.1065522479
-1.74825174825
-38.0357973568
-1.74825174825
-37.9653113678
-1.74825174825
-37.8950851711
-1.74825174825
-37.825108131
-1.74825174825
-37.7553687449
-1.74825174825
-37.6858627255
-1.74825174825
-37.6165975028
-1.74825174825
-37.5475864822
-1.74825174825
-37.4788490127
-1.74825174825
-37.4103961552
-1.74825174825
-37.3422110728
-1.74825174825
-37.2742681815
-1.74825152301
-37.2065457078
-1.74824018736
-37.1390087109
-1.74819412863
-37.0716099259
-1.74808202569
-37.0043006494
-1.747869868
-36.9370394015
-1.74752597466
-36.8698025726
-1.74702276406
-36.8025822796
-1.74632813026
-36.7353858692
-1.74540868924
-36.6682292384
-1.7442345009
-36.6011241244
-1.74278379114
-36.5340699141
-1.74104767383
-36.4670503471
-1.73902612765
-36.4000404247
-1.73671915262
-36.3330106494
-1.73412674874
-36.2659306495
-1.731248916
-36.1987714588
-1.7280856544
-36.1315076339
-1.72463696394
-36.0641177739
-1.72090284463
-35.9965823784
-1.71688329646
-35.9288804537
-1.71257831943
-35.8609927082
-1.70798791354
-35.7928990284
-1.7031120788
-35.7245744702
-1.69795081521
-35.655992814
-1.69250412275
-35.5871300056
-1.68677222668
-35.5179744443
-1.68076601217
-35.4485322796
-1.67450909187
-35.3788190185
-1.66803278693
-35.3088538634
-1.66137110787
-35.2386558191
-1.65455573562
-35.1682387418
-1.64761425177
-35.0976153837
-1.64057876226
-35.0267995093
-1.63348265112
-34.9558057038
-1.62635585843
-34.8846517557
-1.61922000014
-34.8133568621
-1.61207574688
-34.7419448953
-1.60490501945
-34.6704424578
-1.59768341718
-34.5988764719
-1.5903838241
-34.5272718579
-1.58297999372
-34.4556509759
-1.57545013395
-34.3840347199
-1.56778049186
-34.3124394627
-1.55996813533
-34.2408748785
-1.55201306438
-34.169345027
-1.543915279
-34.0978463853
-1.5356747792
-34.026367613
-1.52729156496
-33.954896511
-1.5187656363
-33.8834273328
-1.51009721845
-33.8119746359
-1.50129719658
-33.7405768826
-1.49238918336
-33.6692879567
-1.48340449991
-33.5981636901
-1.47437715679
-33.5272491543
-1.4653388349
-33.4565680532
-1.45631711584
-33.3861244567
-1.44734410554
-33.3159049702
-1.43845318805
-33.2458841669
-1.42967430343
-33.176033372
-1.42102922582
-33.106329491
-1.4125269995
-33.0367635793
-1.40417586127
-32.9673390877
-1.39599391165
-32.8980703592
-1.38800555129
-32.8289777094
-1.38023789618
-32.7600842537
-1.37271719278
-32.6914157556
-1.36546523321
-32.6229993077
-1.35849577039
-32.554863932
-1.35181173643
-32.4870398663
-1.34541313133
-32.4195538471
-1.33929995508
-32.3524257736
-1.33347220769
-32.2856687122
-1.32792988915
-32.2192917973
-1.32267299947
-32.1533032842
-1.31770131341
-32.0877067436
-1.3130039458
-32.0225032579
-1.30855728396
-31.9576962181
-1.30433000677
-31.8932938665
-1.30028810369
-31.8293128552
-1.29639989382
-31.7657828619
-1.29263779554
-31.7027447392
-1.28896970291
-31.640244979
-1.28536223192
-31.5783266878
-1.28178544248
-31.5170205573
-1.27821771863
-31.4563391204
-1.27465838976
-31.3962752914
-1.27112553506
-31.3368032793
-1.26764355519
-31.2778807371
-1.26423956615
-31.2194548573
-1.26093981439
-31.1614666279
-1.25776625317
-31.1038433009
-1.25474932301
-31.0465014324
-1.25192720116
-30.9893564229
-1.24934104236
-30.9323329199
-1.24702526296
-30.8753766002
-1.2449948929
-30.8184551557
-1.24324995169
-30.7615478469
-1.24179043934
-30.7046399242
-1.24061635585
-30.6477167356
-1.23972770121
-30.5907584678
-1.23912447544
-30.5337386541
-1.23880667851
-30.4766272244
-1.23877770922
-30.4193964044
-1.23904770102
-30.3620242393
-1.23963209481
-30.3044968256
-1.24055019828
-30.2468073949
-1.24182374517
-30.1889566484
-1.24347545459
-30.130953152
-1.24552759032
-30.0728136876
-1.24800036194
-30.0145613302
-1.25090410401
-29.9562235787
-1.2542422079
-29.8978288267
-1.25801369127
-29.8394064522
-1.2622150669
-29.7809855508
-1.26684221141
-29.7225936631
-1.27189207293
-29.6642642693
-1.27734817458
-29.6060348799
-1.28317964888
-29.5479325568
-1.28934601783
-29.4899486529
-1.29581286511
-29.432048798
-1.30256516076
-29.3741940382
-1.30960288526
-29.3163671697
-1.31692603863
-29.2585699332
-1.32454714651
-29.2008041967
-1.33249985051
-29.143067807
-1.34083195236
-29.0853533047
-1.34959845589
-29.0276476681
-1.35885121027
-28.9699304526
-1.368628616
-28.9121733107
-1.37895014757
-28.8543415174
-1.38982146732
-28.7963960494
-1.40124245913
-28.7382973408
-1.413209768
-28.6800090865
-1.4257193397
-28.6215018734
-1.43876896041
-28.5627543877
-1.45235927726
-28.5037521162
-1.46649011093
-28.4444895704
-1.48115972394
-28.3849693122
-1.49636587251
-28.3252022422
-1.51210867185
-28.2652167498
-1.52837725742
-28.2050582777
-1.54515078029
-28.1447799726
-1.56241490044
-28.0844369466
-1.58018456248
-28.0240944036
-1.5985084524
-27.9638112396
-1.61745764469
-27.9036305844
-1.63710431137
-27.8435654758
-1.65751540234
-27.7836058968
-1.67873381966
-27.7237418198
-1.70076354323
-27.6639686726
-1.7235810668
-27.6042867786
-1.74714725348
-27.5446993828
-1.77141255395
-27.4852130529
-1.79632698794
-27.4258380644
-1.82185008562
-27.3665849194
-1.84795025129
-27.3074607371
-1.87460120723
-27.2484680268
-1.90178393242
-27.189604823
-1.92948841969
-27.1308646762
-1.95771219726
-27.0722346165
-1.98645356855
-27.0136971865
-2.01571065378
-26.955232292
-2.04548395132
-26.8968187915
-2.07577781623
-26.8384361796
-2.10660014933
-26.7800569729
-2.13798387221
-26.7216486455
-2.16999115732
-26.6631913292
-2.20269540389
-26.6047083269
-2.23614925914
-26.546257403
-2.27037030243
-26.4879074514
-2.30534849536
-26.4297070088
-2.34106434576
-26.3716794568
-2.37748506618
-26.3138367555
-2.41456508003
-26.2561802889
-2.45225992215
-26.1987045808
-2.49052937722
-26.1414040586
-2.52934020105
-26.0842789705
-2.56867547903
-26.0273398713
-2.60853911757
-25.9706045451
-2.64894688013
-25.9140942623
-2.68991619132
-25.857833927
-2.73146331646
-25.8018522215
-2.77360054035
-25.7461803891
-2.81633352755
-25.690851332
-2.85966191835
-25.6359021488
-2.90358523329
-25.5813718504
-2.94810582181
-25.5272986626
-2.9932351933
-25.4737186871
-3.03899452568
-25.4206647927
-3.08540602821
-25.3681660377
-3.13247870465
-25.3162474099
-3.18019620842
-25.2649256079
-3.22850343466
-25.2141907855
-3.27731464758
-25.1640211374
-3.3265312923
-25.1144004755
-3.37605404221
-25.0653358798
-3.4257941463
-25.0168564252
-3.47569181067
-24.9689933936
-3.52573019666
-24.9217762499
-3.57592524451
-24.8752304442
-3.62631167862
-24.8293733873
-3.67693623554
-24.7842098081
-3.72785073705
-24.7397305613
-3.77909933662
-24.695919404
-3.83071856851
-24.6527604381
-3.88273862869
-24.610240938
-3.93517828994
-24.568349262
-3.98804605336
-24.5270741045
-4.0413416913
-24.4864048599
-4.09505790027
-24.4463319895
-4.14918192692
-24.4068478996
-4.20369437511
-24.3679480253
-4.25856366544
-24.3296306192
-4.31374505336
-24.2918952772
-4.36918330191
-24.2547413981
-4.42481832888
-24.2181660151
-4.48059669209
-24.1821587338
-4.53649109404
-24.1467007875
-4.59250428673
-24.1117665288
-4.64865801249
-24.0773244021
-4.70498707775
-24.0433327376
-4.76153008881
-24.009745407
-4.81831823684
-23.9765194788
-4.87536565809
-23.9436199992
-4.93267055827
-23.911022952
-4.99022015301
-23.8787195541
-5.04798837761
-23.8467061487
-5.10593403293
-23.8149781048
-5.16400905388
-23.7835296972
-5.22216602543
-23.7523524748
-5.28036381716
-23.7214343545
-5.33857220826
-23.6907636296
-5.39677027612
-23.6603316387
-5.45494439349
-23.6301343228
-5.51308611568
-23.6001718123
-5.57119050758
-23.5704451497
-5.62924839304
-23.5409552193
-5.68724064757
-23.5117015109
-5.74514283008
-23.4826819171
-5.8029352995
-23.4538925974
-5.86061037479
-23.4253281897
-5.91817447559
-23.3969821944
-5.97564704658
-23.3688466965
-6.03304896435
-23.3409040347
-6.0903989675
-23.3131314386
-6.14770979222
-23.2855132153
-6.20498786734
-23.2580430713
-6.2622349601
-23.2307244342
-6.31944826285
-23.2035707726
-6.37662047975
-23.1766058763
-6.43373929526
-23.1498532809
-6.49078471304
-23.1233407108
-6.54773368632
-23.0971012443
-6.60456232922
-23.0711680864
-6.66124952012
-23.0455715755
-6.71778137605
-23.0203397429
-6.77414967208
-22.9954968385
-6.8303515861
-22.9710508087
-6.88639297459
-22.9469841728
-6.94228818541
-22.9232628173
-6.99805343995
-22.8998474055
-7.05370654722
-22.8767021721
-7.10926609273
-22.8537927644
-7.16474559065
-22.8310825243
-7.22015239888
-22.8085361971
-7.27548590269
-22.7861236397
-7.33073569825
-22.7638233567
-7.38588299255
-22.741626699
-7.4409125207
-22.7195509678
-7.4958162959
-22.6976438338
-7.5506040757
-22.6759697445
-7.60530957783
-22.6545979897
-7.6599780183
-22.6335908295
-7.71465347885
-22.6129916237
-7.76936627435
-22.5928134907
-7.82413443703
-22.5730543836
-7.8789824873
-22.5537084777
-7.93393948846
-22.5347675992
-7.98903494139
-22.5162226539
-8.04429467918
-22.4980643341
-8.09973777217
-22.4802802723
-8.15537948793
-22.462853934
-8.21123085031
-22.4457742805
-8.26729145958
-22.4290445727
-8.32354830952
-22.4126777689
-8.37998160143
-22.396688512
-8.43657237275
-22.3810851164
-8.49330891843
-22.365872613
-8.55018917406
-22.3510573523
-8.60721831837
-22.3366441817
-8.66440710714
-22.3226336229
-8.72177020709
-22.3090207889
-8.77932414841
-22.2958026285
-8.83708234184
-22.2829721268
-8.89505109014
-22.2705066358
-8.95321951202
-22.2583718304
-9.01155409612
-22.2465240093
-9.07001193261
-22.2349123309
-9.12855411557
-22.2234814829
-9.18715924093
-22.2121858246
-9.24582569835
-22.2009850821
-9.30455717191
-22.1898392185
-9.36336015053
-22.1787091582
-9.42224182512
-22.1675575109
-9.48120798575
-22.1563492952
-9.54026091884
-22.1450526633
-9.59939730429
-22.1336505514
-9.65860514771
-22.1221492104
-9.71786738337
-22.1105682491
-9.77716893421
-22.0989281015
-9.83650277552
-22.0872412194
-9.89587391625
-22.0755160124
-9.95529918033
-22.0637624494
-10.0148021617
-22.0519902345
-10.0744089104
-22.0402069816
-10.1341436194
-22.0284163908
-10.1940243104
-22.0166146831
-10.254058902
-22.004778709
-10.3142442125
-21.9928703409
-10.3745560938
-21.9808465028
-10.4349453334
-21.9686637397
-10.4953528121
-21.9562827222
-10.5557248312
-21.9436727515
-10.6160284403
-21.930815831
-10.676253179
-21.9176987758
-10.7363951461
-21.9043086967
-10.7964545263
-21.8906330003
-10.8564343417
-21.8766593888
-10.9163392038
-21.8623758605
-10.9761740648
-21.8477707091
-11.0359429691
-21.8328328193
-11.0956498807
-21.8175416068
-11.1553057585
-21.8018597868
-11.2149291956
-21.7857420777
-11.2745409728
-21.7691439347
-11.3341586022
-21.7520302223
-11.3937908849
-21.7343712614
-11.4534366215
-21.7161372163
-11.5130881491
-21.6972999078
-11.5727341468
-21.677834625
-11.6323624419
-21.657721939
-11.6919628149
-21.6369495151
-11.7515298054
-21.6155139253
-11.8110655177
-21.5934183671
-11.8705904461
-21.5706671263
-11.9301481515
-21.5472655006
-11.9897906831
-21.5232197888
-12.0495638298
-21.4985372782
-12.1094923722
-21.4732262331
-12.1695788237
-21.4472958828
-12.2298175529
-21.42075641
-12.2901970894
-21.3936189389
-12.3507023393
-21.3658955231
-12.4113168009
-21.3375991343
-12.4720247794
-21.3087436497
-12.5328136028
-21.279343546
-12.5936737615
-21.2494133148
-12.6545958402
-21.2189660655
-12.7155715352
-21.1880103562
-12.7765952425
-21.1565504375
-12.8376620019
-21.1245866527
-12.8987652945
-21.0921158394
-12.9598948413
-21.0591317296
-13.0210344006
-21.0256234898
-13.0821599018
-20.9915700667
-13.1432408515
-20.9569434443
-13.2042433647
-20.921712835
-13.2651331848
-20.8858488705
-13.3258787047
-20.8493277928
-13.3864539871
-20.8121340037
-13.4468447256
-20.774256302
-13.5070547305
-20.7356859711
-13.567097148
-20.6964151535
-13.6269847493
-20.6564352259
-13.6867202187
-20.6157357675
-13.7462901624
-20.5743058594
-13.8056744528
-20.5321342796
-13.8648494984
-20.4892095311
-13.9237905001
-20.445519869
-13.9824737078
-20.4010540672
-14.0408778737
-20.3558030894
-14.0989824341
-20.3097577384
-14.1567672476
-20.2629073439
-14.2142114701
-20.215240236
-14.2712919524
-20.1667395923
-14.327985119
-20.1173794551
-14.3842687867
-20.0671299355
-14.4401249154
-20.0159631343
-14.4955424405
-19.9638609234
-14.5505197705
-19.9108255797
-14.6050663498
-19.8568727774
-14.6592054507
-19.8020235342
-14.712960532
-19.7462965983
-14.7663399301
-19.6897007606
-14.8193236437
-19.6322306126
-14.8718740355
-19.5738746883
-14.9239358782
-19.5146226364
-14.9754451417
-19.4544720841
-15.0263404275
-19.393431514
-15.0765844318
-19.3315159366
-15.1261682119
-19.2687396743
-15.1750970105
-19.2051102507
-15.2233821552
-19.1406221976
-15.2710341946
-19.075237721
-15.3180715848
-19.0088951473
-15.3645165074
-18.9415332854
-15.4103811859
-18.8731207776
-15.4556519622
-18.8036573393
-15.5003002504
-18.7331616719
-15.544297052
-18.661670721
-15.5876153434
-18.5892386083
-15.6302326683
-18.5159263759
-15.6721327994
-18.4417967542
-15.7133200687
-18.3669165852
-15.7538243677
-18.2913488221
-15.7936827145
-18.2151523212
-15.8329179564
-18.138381745
-15.8715339167
-18.0610894202
-15.9095236734
-17.983328424
-15.9468914405
-17.9051529727
-15.9836300305
-17.8266107095
-16.019723112
-17.747733826
-16.0551549208
-17.668524125
-16.0899182566
-17.588929496
-16.1240087303
-17.5089012713
-16.1574171524
-17.4284186198
-16.1901311024
-17.3474751944
-16.2221375105
-17.2660837761
-16.2534250162
-17.1842933194
-16.28397158
-17.1021765767
-16.3137490376
-17.0198059208
-16.3427388709
-16.9372312151
-16.3709484156
-16.8544821236
-16.3983999414
-16.7715845276
-16.4251163366
-16.6885664814
-16.4511192893
-16.6054560633
-16.4764265367
-16.5222812452
-16.5010490326
-16.4390631303
-16.5249753631
-16.3558028243
-16.5481631536
-16.2724887933
-16.570548718
-16.1891035838
-16.5920731613
-16.1056310796
-16.6127101501
-16.0220628739
-16.6324801243
-15.9384016857
-16.6514219553
-15.8546596119
-16.6695922971
-15.7708581003
-16.6870567983
-15.6870251037
-16.703878668
-15.6032008619
-16.7200972129
-15.5194628702
-16.7357235707
-15.4358771342
-16.7507548859
-15.352482944
-16.7651824101
-15.2693139108
-16.7789983662
-15.1864154861
-16.7921872618
-15.1038436127
-16.804730071
-15.0216478727
-16.816617918
-14.9398500292
-16.8278668898
-14.8584497031
-16.8385054928
-14.7774368059
-16.8485621949
-14.6967897968
-16.8580652398
-14.6164764593
-16.8670422561
-14.5364627829
-16.8755207983
-14.4567160469
-16.8835148515
-14.3772081891
-16.8909977662
-14.297920866
-16.897921313
-14.2188410145
-16.9042496001
-14.139957988
-16.9099765474
-14.0612579118
-16.9151261142
-13.9827174827
-16.9197048232
-13.9043051121
-16.9237126746
-13.8259880251
-16.9271496682
-13.747739665
-16.9300158042
-13.6695549722
-16.9323074215
-13.5914752796
-16.9340174289
-13.5135361669
-16.9351402606
-13.4357496878
-16.9356747707
-13.35812451
-16.9356271268
-13.2806697924
-16.9350139286
-13.2033829658
-16.9338754822
-13.126249982
-16.9322590598
-13.049263653
-16.9302020569
-12.9724393062
-16.9277169108
-12.8958043034
-16.9248036214
-12.8193852565
-16.9214621887
-12.743208641
-16.9176926127
-12.6672984161
-16.9134948934
-12.5916734308
-16.9088690309
-12.5163496079
-16.9038291431
-12.4413425833
-16.8984311547
-12.3666673756
-16.8927567038
-12.2923405196
-16.8868850393
-12.2183811477
-16.880862966
-12.1448118163
-16.8746800476
-12.0716578777
-16.8683088726
-11.9989413314
-16.8617170377
-11.9266742055
-16.8548733896
-11.8548550659
-16.8477542661
-11.7834621956
-16.8403551139
-11.7124365806
-16.8326981744
-11.6417349688
-16.8248159137
-11.5713451782
-16.8167432656
-11.5012652211
-16.8085098989
-11.4314990847
-16.8001324845
-11.3620448853
-16.7916123556
-11.2928819968
-16.7829495122
-11.2239714362
-16.7741439545
-11.1552642381
-16.7651956823
-11.0867129895
-16.7561046957
-11.0182855247
-16.7468704833
-10.9499618898
-16.7374815523
-10.8817303643
-16.7279146567
-10.8135871771
-16.7181403147
-10.7455323695
-16.7081479533
-10.6775656827
-16.6979467415
-10.6096838015
-16.6875514029
-10.5418797902
-16.6769575789
-10.4741434322
-16.6661365529
-10.4064633919
-16.655073303
-10.3388315392
-16.643774793
-10.2712475873
-16.6322687995
-10.2037240021
-16.620586476
-10.136286399
-16.6087568607
-10.0689718037
-16.5968121484
-10.0018187654
-16.5847848294
-9.9348575237
-16.5727098375
-9.86810294351
-16.5606167316
-9.80154351097
-16.5485148805
-9.73513893174
-16.5363885981
-9.6688373778
-16.5242135601
-9.60259821541
-16.5119605501
-9.5363993956
-16.4995978722
-9.47023912502
-16.4870937635
-9.40412610344
-16.4744110436
-9.33806272381
-16.4615025561
-9.27204763874
-16.4483266007
-9.20607755634
-16.4348526821
-9.1401454495
-16.4210609698
-9.07424182351
-16.4069221309
-9.00835860519
-16.3923984054
-8.94249347271
-16.3774525935
-8.87664538112
-16.3620717104
-8.8108111781
-16.3462836559
-8.74498339777
-16.3301256099
-8.67914635454
-16.313623675
-8.61326618903
-16.2967763093
-8.54727702737
-16.279553251
-8.48109692461
-16.2618956973
-8.41464450679
-16.2437166684
-8.34786214331
-16.2249256275
-8.28073349884
-16.20544159
-8.21326673122
-16.1851943958
-8.14549963288
-16.1641374116
-8.07750081095
-16.1422511238
-8.00936846179
-16.1195254495
-7.94121688945
-16.0959547177
-7.87315779611
-16.0715339854
-7.80528157238
-16.046255352
-7.73764381505
-16.0201140931
-7.67027292674
-15.9931253464
-7.6031774172
-15.9653200219
-7.53635214
-15.9367354399
-7.46978463553
-15.9074059687
-7.40346127039
-15.8773536629
-7.33736116851
-15.8465843841
-7.27144376448
-15.8151013262
-7.20566350632
-15.7829024474
-7.13998427296
-15.7499656608
-7.07439329171
-15.7162492926
-7.00890984391
-15.6816961156
-6.9435760238
-15.6462542278
-6.87846234055
-15.6098953166
-6.81364709173
-15.5726154323
-6.74919573832
-15.5344248127
-6.68513660971
-15.4953315218
-6.6214382786
-15.4553359074
-6.55804846311
-15.4144426579
-6.49491022513
-15.3726638176
-6.43197160103
-15.3300160248
-6.3691874812
-15.2865177486
-6.30653535355
-15.2421864649
-6.24399979471
-15.1970351471
-6.1815699355
-15.1510809476
-6.11925546668
-15.1043530502
-6.05708308618
-15.0568796585
-5.99508962019
-15.0086856502
-5.9332882848
-14.9597920736
-5.8716630401
-14.9102131608
-5.81017978761
-14.8599569066
-5.74880547344
-14.8090303412
-5.68753676601
-14.7574322416
-5.62640663097
-14.7051576169
-5.56548688605
-14.6522039643
-5.50484818138
-14.5985781676
-5.44454985448
-14.5443082794
-5.38466865133
-14.489442094
-5.32528839219
-14.4340359068
-5.26648549481
-14.3781466868
-5.20831449766
-14.3218242481
-5.15079889122
-14.2651057867
-5.0939125157
-14.208019649
-5.03758622049
-14.1505818496
-4.9817338007
-14.0927974458
-4.92628095113
-14.0346668495
-4.87119252512
-13.9761921866
-4.81643058009
-13.9173845823
-4.76195660062
-13.858269003
-4.70774843677
-13.7988741045
-4.65379563125
-13.7392199804
-4.60009706928
-13.6793169852
-4.54665961741
-13.6191646356
-4.49352574733
-13.5587535004
-4.44074798187
-13.498063883
-4.38838298253
-13.4370736794
-4.33650151025
-13.375763789
-4.28517115714
-13.3141243739
-4.23443851351
-13.2521611885
-4.18430456864
-13.1898966876
-4.13472967094
-13.1273608176
-4.08564988675
-13.0645839485
-4.03697060346
-13.0015856158
-3.98858687747
-12.938376128
-3.94040601106
-12.874959362
-3.89237623349
-12.8113389893
-3.84451676035
-12.7475230832
-3.79693607605
-12.6835218709
-3.74979515894
-12.619347111
-3.70325440003
-12.5550111967
-3.65742133806
-12.4905272908
-3.61230155729
-12.4259100761
-3.56785412348
-12.3611731018
-3.52403090085
-12.2963247007
-3.48077311183
-12.2313652018
-3.43800954461
-12.166284843
-3.39564453407
-12.1010567411
-3.35359439759
-12.0356417242
-3.31180674284
-11.9699999698
-3.27028552297
-11.9041078373
-3.22907960705
-11.8379619602
-3.18824656733
-11.7715757863
-3.14780933195
-11.7049677714
-3.10774088408
-11.6381541459
-3.06800388366
-11.5711468385
-3.0285843925
-11.503958286
-2.9894784985
-11.436598473
-2.95067939387
-11.369077693
-2.91217039043
-11.3014090474
-2.87392353076
-11.2336087836
-2.83589884486
-11.1656936673
-2.79808833374
-11.0976821671
-2.76051330278
-11.0295921397
-2.72320301204
-10.9614382492
-2.68616841575
-10.8932310441
-2.64938113963
-10.8249727124
-2.61282160068
-10.7566511641
-2.5764855784
-10.6882397798
-2.54037075715
-10.6197023143
-2.50447337806
-10.5509954494
-2.46879295574
-10.4820802717
-2.43334983163
-10.4129397087
-2.39815572628
-10.3435845315
-2.36322795861
-10.2740586658
-2.32859041326
-10.2044296
-2.29425103509
-10.1347662544
-2.260200188
-10.06512448
-2.22643893096
-9.99554263674
-2.19298982276
-9.92603789668
-2.15988114531
-9.85661309303
-2.12713797566
-9.78726236356
-2.09478392428
-9.71797678398
-2.06284997053
-9.64874623305
-2.03137875837
-9.57956154368
-2.00042024767
-9.51041520977
-1.97002154937
-9.44130285918
-1.94016921393
-9.37222098106
-1.91078720228
-9.30316933427
-1.88176370211
-9.23415329217
-1.85300135166
-9.16518161093
-1.82446101836
-9.09626588879
-1.79613759632
-9.02742425955
-1.76804320904
-8.95868208897
-1.74021909769
-8.89007204995
-1.71272983154
-8.82163581625
-1.68566120237
-8.75342450491
-1.6591114842
-8.68549138887
-1.63317172876
-8.61788028477
-1.60788097558
-8.55060825098
-1.58321405198
-8.48366368638
-1.55910356391
-8.41701977191
-1.53548109909
-8.35064915603
-1.51229363392
-8.28453229778
-1.48950759206
-8.2186608804
-1.46709469159
-8.15303079145
-1.4450299134
-8.08763907625
-1.42329697593
-8.02247857771
-1.40188952714
-7.95753468657
-1.38080674054
-7.89278636572
-1.36005170289
-7.82821069786
-1.3396288683
-7.76378617935
-1.31954095837
-7.69949533536
-1.2998027682
-7.63532441927
-1.28043825198
-7.57125930831
-1.26147395381
-7.50728803222
-1.24293848147
-7.44340472821
-1.22485935132
-7.37961037281
-1.20726043091
-7.31591404598
-1.19015764048
-7.25233815373
-1.17355146543
-7.1889164817
-1.15742058152
-7.1256816081
-1.14172133504
-7.06265794187
-1.12639673352
-6.99985865883
-1.11139067166
-6.93728591616
-1.09667225697
-6.87493909566
-1.08223927113
-6.81281544928
-1.06809171415
-6.75090558753
-1.05422958603
-6.68919604061
-1.04065288677
-6.62767148472
-1.02736161636
-6.56631545274
-1.01435571687
-6.50511128978
-1.00162791732
-6.44404687705
-0.989160861389
-6.38311827187
-0.976928596953
-6.3223292936
-0.964889887068
-6.26168952826
-0.952992882891
-6.201211541
-0.941198715393
-6.14090628621
-0.929497127034
-6.08077991319
-0.917912023366
-6.0208365667
-0.906492182369
-5.96107747261
-0.895296309319
-5.9014991966
-0.884369319413
-5.84209110511
-0.873715862636
-5.78283474796
-0.863305659527
-5.72370364791
-0.853105172023
-5.6646689583
-0.843083470656
-5.60570548591
-0.833216864572
-5.54679762679
-0.82349353157
-5.48794212442
-0.813912912996
-5.42914661933
-0.80447500885
-5.37042077326
-0.795179819133
-5.31177596864
-0.786027343844
-5.25322571209
-0.777017582984
-5.19478412564
-0.768150536552
-5.13646443351
-0.759425172849
-5.0782789975
-0.750824245151
-5.02024017807
-0.742316181109
-4.96236051792
-0.733864120178
-4.90465076904
-0.725436442012
-4.84711778351
-0.717025473458
-4.78976378178
-0.708650766935
-4.73258578668
-0.700324909365
-4.67557466848
-0.692053585378
-4.61871949854
-0.683838319904
-4.56200902542
-0.675673248514
-4.50543247059
-0.667541890411
-4.44898032472
-0.659422693676
-4.39264594155
-0.651302892652
-4.33642436646
-0.643167841849
-4.28030467432
-0.634989062483
-4.22426775334
-0.626731922047
-4.1682879655
-0.618363313865
-4.11233493673
-0.609859336661
-4.05637852468
-0.601212645029
-4.00039472215
-0.592423238968
-3.94437104541
-0.583491118478
-3.88830627433
-0.57441628356
-3.83220737418
-0.565198734214
-3.77608727171
-0.555838470439
-3.71996263135
-0.546336523935
-3.66385159835
-0.536710141427
-3.60777049154
-0.526990895263
-3.55173015142
-0.517217136946
-3.4957368764
-0.507434629265
-3.43979423516
-0.497685817618
-3.38390354906
-0.488000682235
-3.32806500061
-0.478406141073
-3.27228093333
-0.468908685551
-3.21655353879
-0.459493650346
-3.16088353454
-0.450130458104
-3.10526456202
-0.440786636407
-3.04967724474
-0.431444051867
-2.99409689629
-0.422102071615
-2.93850006548
-0.412775341143
-2.88287323128
-0.403492339233
-2.82721959195
-0.394287698394
-2.77155392521
-0.3851945253
-2.71588762137
-0.376236721229
-2.66022847254
-0.367421631586
-2.60458018562
-0.358749256371
-2.54894180724
-0.350219595585
-2.49330901376
-0.341832649228
-2.43767668957
-0.333588417298
-2.38204151907
-0.325487931497
-2.32640454558
-0.317548438547
-2.27077267999
-0.3098015108
-2.21515937123
-0.302284008788
-2.15958531755
-0.295027114442
-2.1040770439
-0.288037215575
-2.04866507396
-0.281292659679
-1.99338388962
-0.274763154545
-1.93827432039
-0.268416545761
-1.88338276991
-0.262223027038
-1.82875996286
-0.256159350537
-1.77445969189
-0.250213034536
-1.72054252483
-0.244377798851
-1.66707985158
-0.238647387401
-1.61414438548
-0.233029038478
-1.56180481665
-0.227543310163
-1.5101196396
-0.222216434117
-1.45912992396
-0.217072669352
-1.40886291457
-0.212126656018
-1.35934545866
-0.207376098267
-1.31060267151
-0.202811008064
-1.2626568375
-0.198421083933
-1.21552703639
-0.1941957443
-1.1692290137
-0.190124160838
-1.12377505105
-0.186195291803
-1.07917383652
-0.182501388825
-1.03501105447
-0.179020811303
-0.991257462679
-0.175716979913
-0.94787839166
-0.172547294417
-0.904842834415
-0.169472459195
-0.862148517762
-0.166465738258
-0.819887656363
-0.163517647228
-0.778301958696
-0.160620409837
-0.737618339723
-0.15776493437
-0.697912503936
-0.1549402114
-0.659213379483
-0.152132500817
-0.621528228324
-0.149324206994
-0.584847759302
-0.146492279406
-0.549152917276
-0.143605263235
-0.514424201764
-0.14061187673
-0.480648000288
-0.13744984457
-0.447815220532
-0.134054485422
-0.415921158245
-0.130366358157
-0.384965725227
-0.126338908074
-0.35495367731
-0.121945784028
-0.325894847807
-0.117171594626
-0.2978044162
-0.112004529474
-0.270702451681
-0.106436325838
-0.244613212581
-0.100462235302
-0.219564445798
-0.096574906725
-0.189152173417
-0.0922041739048
-0.161433805982
-0.0872542995025
-0.137231835958
-0.0816057542819
-0.116668841897
-0.0751114517045
-0.0980587410467
-0.0675995338641
-0.0805753032601
-0.0589029977267
-0.0640174627298
-0.0489777382499
-0.0484897621377
-0.0379614306717
-0.0341604330066
-0.0260174530592
-0.0211932078985
-0.0133091834795
-0.00975181937564
0
0
