2
1000
36.7150653074
41.0344847554
36.7148952608
41.0344847554
36.7144663788
41.0344847554
36.7137519629
41.0344847554
36.7127253148
41.0344847554
36.711359736
41.0344847554
36.709628528
41.0344847554
36.7075049923
41.0344847554
36.7049624306
41.0344847554
36.7019741443
41.0344847554
36.6985134351
41.0344847554
36.6945536044
41.0344847554
36.6900679538
41.0344847554
36.6866195315
41.0344847554
36.6829330098
41.0344847554
36.6790037554
41.0344847554
36.6748274022
41.0344847554
36.6703998508
41.0344847554
36.665717269
41.0344847554
36.6607535423
41.0344847554
36.6554428047
41.0344847554
36.6496914897
41.0344847554
36.6433904038
41.0344847554
36.6364267995
41.0344847554
36.6286964484
41.0344847554
36.6200994416
41.0344847554
36.6105272612
41.0344847554
36.5998663484
41.0344847554
36.5880017096
41.0344847554
36.5748205234
41.0344847554
36.5602157469
41.0344847554
36.5440897224
41.0344847554
36.5263554319
41.0344847554
36.5069327286
41.0344847554
36.4857463153
41.0344847554
36.4627237855
41.0344847554
36.4377936638
41.0344847554
36.4108834473
41.0344847554
36.381822511
41.0344847554
36.3505325189
41.0344847554
36.3169358591
41.0344847554
36.2809534893
41.0344847554
36.2425027808
41.0344847554
36.2014953643
41.0344847554
36.1578560165
41.0344847554
36.1115394268
41.0344847554
36.0625234723
41.0344847554
36.0108025664
41.0344847554
35.956380802
41.0344847554
35.8992586738
41.0344847554
35.8394349856
41.0344847554
35.7769190654
41.0344847554
35.7117264843
41.0344847554
35.6438747367
41.0344847554
35.57337892
41.0344847554
35.5002474153
41.0344847554
35.4244772175
41.0344847554
35.346053303
41.0344847554
35.2649543559
41.0344847554
35.1811567489
41.0344847554
35.0946382957
41.034488621
35.0053793781
41.0345448546
34.9133640952
41.0347349523
34.8185792616
41.0351446469
34.7210107244
41.0358351502
34.6206449329
41.0368194916
34.5174703235
41.0380976711
34.4114802144
41.0396696886
34.3026985805
41.0415355442
34.1912022555
41.0436952378
34.0771107686
41.0461487695
33.9605740488
41.0488961393
33.8417530054
41.0519373471
33.7207964145
41.055272393
33.5978404995
41.0589012769
33.4730183276
41.0628239989
33.3464506108
41.067040559
33.2182249971
41.0715509571
33.0884003087
41.0763551932
32.9570221303
41.0814532674
32.8241383994
41.0868451797
32.6898176046
41.0925311486
32.5541498358
41.0985447526
32.4172332589
41.1049584509
32.2791689372
41.111857271
32.1400558194
41.1193086306
31.9999883517
41.1272952542
31.8590551095
41.1357356897
31.7173393683
41.1445442046
31.5749233178
41.1536595868
31.4318925184
41.163068807
31.2883407107
41.1727718653
31.1443731573
41.1827687617
31.000086161
41.1930594961
30.8555465904
41.2036440686
30.7107947549
41.2145224791
30.5658432857
41.2256947277
30.4206832523
41.2371608143
30.2753012309
41.248920739
30.1296845079
41.2609745018
29.9838169184
41.2733221026
29.8376916946
41.2859635415
29.6913358217
41.2988988184
29.5448077864
41.3121279334
29.3981802022
41.3256508864
29.2515268023
41.3394676775
29.1049057895
41.3535780881
28.9583573148
41.3679485398
28.8119141945
41.3825065732
28.6656044436
41.3971632954
28.5194564356
41.4117989204
28.3735051268
41.4263007256
28.2277939063
41.4405829339
28.0823715381
41.4545843334
27.9372855421
41.4682918949
27.7925757642
41.4817056183
27.6482664357
41.4948255037
27.5043582464
41.507651551
27.3608251978
41.5201837602
27.2176185221
41.5324221314
27.0746727561
41.5443666645
26.9319189422
41.5560173596
26.7893004448
41.5673742166
26.6467776881
41.5784372356
26.5043276985
41.5892064165
26.3619448069
41.5996817593
26.2196528552
41.6098632641
26.0774960355
41.6197509308
25.9355190572
41.6293447595
25.7937485428
41.6386447501
25.6521700582
41.6476506841
25.5107146564
41.656328983
25.3692782513
41.6646071876
25.2277485735
41.6724002704
25.0860319617
41.6796408136
24.944072784
41.6863460929
24.8018370362
41.6925975603
24.6592995414
41.6984809483
24.5164379374
41.704057469
24.3732265869
41.7093401516
24.2296330358
41.7143289962
24.085625301
41.7190240027
23.9411771019
41.7234251712
23.796270886
41.7275325016
23.6508988913
41.731345994
23.5050683673
41.7348656483
23.3587993593
41.7380914645
23.2121176953
41.7410234427
23.065048634
41.7436615828
22.917610358
41.7460058849
22.7698071843
41.7480563489
22.6216127692
41.7498129749
22.4729763919
41.7512757628
22.3238452767
41.7524447126
22.1741854388
41.7533198244
22.0240037671
41.7539013167
21.8733627793
41.7542227679
21.7223557323
41.7543566374
21.5710735878
41.7543879525
21.4195719784
41.7543879967
21.2678382959
41.7543879967
21.1158014396
41.7543879967
20.9633609308
41.7543879967
20.8104122778
41.7543879967
20.6568723366
41.7543879967
20.5026930607
41.7543879967
20.347850342
41.7543879967
20.1923398516
41.7543879967
20.0361693856
41.7543879967
19.879356967
41.7543879967
19.721927228
41.7543879967
19.5638947088
41.7543879967
19.4052529171
41.7543879967
19.245966128
41.7543879967
19.0859485208
41.7543879967
18.925106765
41.7543879967
18.7633937601
41.7543879967
18.6008028548
41.7543879967
18.4373466371
41.7543879967
18.2730453973
41.7543879967
18.1079269714
41.7543879967
17.9420166921
41.7543879967
17.7753339496
41.7543879967
17.6078902933
41.7543879967
17.4396922758
41.7543879967
17.2707783173
41.7543879967
17.101224628
41.7543879967
16.9311285508
41.7543879967
16.7605932184
41.7543879967
16.5897093123
41.7543879967
16.4185373507
41.7543879967
16.2471187014
41.7543879967
16.0754792152
41.7543879967
15.9036335876
41.7543879967
15.7315836784
41.7543879967
15.5593220471
41.7543879967
15.3868571144
41.7543879967
15.2142119336
41.7543879967
15.0414209279
41.7543879967
14.8685400011
41.7543879967
14.6955565075
41.7543501778
14.522281104
41.7541304093
14.3485196516
41.7536202911
14.174187963
41.7528163349
13.9992307113
41.7517185406
13.8235996907
41.7503269083
13.6472523918
41.7486414378
13.4701634194
41.7466406509
13.2923479457
41.7442588159
13.1138691147
41.7414114702
12.9348106894
41.7380217484
12.755255602
41.7340467116
12.5752671411
41.7294839987
12.3948759717
41.7243336097
12.2140853574
41.7185955445
12.0328999128
41.7122698033
11.8513326054
41.7053480053
11.669406443
41.6977844548
11.4871400002
41.6895073894
11.3045340188
41.6804346692
11.1215688216
41.6704894654
10.9381821445
41.6596069785
10.7542909807
41.6477233145
10.5698683236
41.6347702049
10.3849568475
41.6206698786
10.1996890104
41.6053649131
10.0143213097
41.5888802225
9.82907845303
41.5711911344
9.64406326463
41.5521652671
9.45935651481
41.5316750121
9.27504419523
41.5095975968
9.09122145827
41.4858067765
8.90797254687
41.4602015533
8.7253376932
41.4327362148
8.54329302152
41.4034020767
8.36174879991
41.3722055277
8.18057185453
41.3391343586
7.99962623173
41.3041424489
7.81880665162
41.2671794058
7.63805547763
41.2281843474
7.45734755908
41.1870773647
7.27666081752
41.1437661927
7.09597310648
41.0981810102
6.91527829004
41.0502693357
6.73459815998
40.999986482
6.55397390127
40.9472837486
6.37349215936
40.8920926568
6.19327996701
40.8343388413
6.01344575052
40.7739528029
5.8341185593
40.7109182841
5.65552385017
40.6453483825
5.47784378071
40.5773471779
5.30111931692
40.5069298716
5.12534412912
40.4341125901
4.95048505881
40.3589048873
4.77648415016
40.2813204131
4.6032659787
40.2014025138
4.43074894024
40.1192315145
4.25887139867
40.0348836799
4.08761668271
39.948388917
3.91702929802
39.8596824751
3.7472081132
39.7686176861
3.57826734663
39.675036478
3.41028476782
39.5787676613
3.24328826107
39.4796393196
3.07727407116
39.3775215934
2.91225537356
39.2723831891
2.74827278642
39.1642791048
2.58537835348
39.0533071408
2.42364302671
38.9395732444
2.26318172154
38.8231680904
2.10413522162
38.7041744316
1.94662596409
38.5826562175
1.79072276477
38.4586577861
1.63638012279
38.3321836168
1.48342075605
38.2031521898
1.33170706211
38.0715462449
1.18123383983
37.9374832859
1.03202479521
37.8010900938
0.88411062869
37.662496566
0.737526615257
37.5218336623
0.592328727224
37.3792057533
0.448618083222
37.2346658838
0.306522719475
37.0882485847
0.166186760213
36.9400012609
0.0277623824109
36.7900301388
-0.108602014958
36.638498211
-0.242759862455
36.485566642
-0.374552169554
36.3314083179
-0.503822361528
36.176199181
-0.630420287396
36.0200802148
-0.754231124559
35.8631138457
-0.875186729408
35.7053015392
-0.99325238346
35.5466323338
-1.10843460268
35.3871184353
-1.2208011426
35.226805714
-1.33046861676
35.0657693101
-1.4375525835
34.9041157168
-1.54212486275
34.741972131
-1.64418146113
34.5794634285
-1.74367561728
34.4166972746
-1.84053804886
34.2537580771
-1.93469243261
34.0907024369
-2.02606239662
33.9275793543
-2.11457046018
33.7644212395
-2.20014137284
33.6012385629
-2.28272144938
33.4380341205
-2.36229422981
33.2748160136
-2.43880279304
33.1115816004
-2.5121594541
32.9483466093
-2.58228588005
32.7851537644
-2.64912683862
32.6220685051
-2.71265775332
32.459211078
-2.77287965068
32.2967530649
-2.82977724493
32.134872278
-2.88336616802
31.9737273932
-2.9336929632
31.8134390584
-2.98080790393
31.6540975143
-3.02475796578
31.4957613794
-3.06557887304
31.3384605508
-3.1032788872
31.1822205357
-3.13784059727
31.0270846499
-3.1692390965
30.8731193526
-3.19745589338
30.7204040398
-3.22249136488
30.5690144101
-3.24436185041
30.4189986893
-3.26308930778
30.2703653174
-3.27868294828
30.1230991865
-3.29112123992
29.9771732418
-3.3003670469
29.8325639111
-3.3063911154
29.6892540355
-3.3091908543
29.547231565
-3.30878453199
29.406480142
-3.30527424121
29.2669950363
-3.29884052995
29.1287611798
-3.28969564505
28.9917405062
-3.27804887647
28.85588147
-3.26407973754
28.7210940313
-3.247923753
28.5872682732
-3.22970320299
28.4543348525
-3.20949445503
28.3222820837
-3.18732508744
28.1911513112
-3.16319319279
28.0610043385
-3.13705944065
27.9318962253
-3.10886018141
27.8038777207
-3.0785309262
27.6769782915
-3.04602421639
27.5511855694
-3.01131268252
27.4264416051
-2.97438165736
27.3026568134
-2.93522034096
27.1797247617
-2.89382090862
27.0575429935
-2.85017996511
26.9360332918
-2.80430801994
26.8151365104
-2.75623950898
26.6948126748
-2.7060256252
26.5750444256
-2.65371488273
26.455841511
-2.59933748293
26.3372426786
-2.54298033677
26.2193445984
-2.48478239919
26.1022930374
-2.42487971323
25.9862546302
-2.3633684237
25.8713941636
-2.30026226106
25.7578412673
-2.23549787332
25.6456746063
-2.16900226443
25.5349292915
-2.10069932579
25.4255904631
-2.03051528146
25.3176078049
-1.95838413336
25.2109103248
-1.88425617642
25.1054225783
-1.80811207603
25.0010787181
-1.72996090015
24.8977991849
-1.64983519124
24.7954970941
-1.5677791209
24.6940917747
-1.48383674718
24.5935223027
-1.39805501496
24.4937588402
-1.31048855961
24.3948135989
-1.22119656768
24.2967457677
-1.13023983988
24.1996514072
-1.03769609028
24.1036304846
-0.943661251676
24.0087777182
-0.848238529519
23.9151756423
-0.751527449594
23.8228876923
-0.653609617353
23.7319535378
-0.554473991085
23.642347957
-0.454018139467
23.5539887182
-0.352104835283
23.4667766702
-0.248613119258
23.3806252385
-0.143487238261
23.2954881687
-0.0367372937918
23.2113645697
0.0716110886248
23.1282464352
0.181525152682
23.0461201282
0.292977117655
22.9649786381
0.405953214864
22.8848352824
0.520507795909
22.8057288771
0.636794390049
22.7276992868
0.754885918728
22.6508017534
0.874739627323
22.5751071933
0.99629775959
22.5006981026
1.11949499132
22.4276620816
1.24426406078
22.3560803325
1.3705436232
22.2860156294
1.49826137583
22.2175002884
1.62734051101
22.1505360528
1.75772836668
22.0851168369
1.88941108298
22.0212276619
2.0224160138
21.9588413901
2.15683873252
21.8978440204
2.29282719914
21.8380324746
2.43049608186
21.7793112367
2.56990907072
21.7216637858
2.71110366987
21.6650773079
2.85409485688
21.6095399583
2.99887051797
21.5550397219
3.14539128091
21.5015631203
3.2936145163
21.4491210712
3.4434995267
21.397743715
3.59500793638
21.3474660822
3.74810741032
21.2983111124
3.90274588724
21.2501805508
4.05878804727
21.2029578181
4.21614671637
21.1566598383
4.3748384544
21.1113342567
4.53489093554
21.0670155441
4.69633651296
21.0237144454
4.85920083151
20.9814124561
5.02349251688
20.9400568249
5.18923251485
20.8995674269
5.35645991712
20.8598642245
5.52523459047
20.8208713566
5.69564950886
20.7825200753
5.86779551389
20.7447516627
6.04168224748
20.70759231
6.21723592376
20.6711747072
6.39439717872
20.6355640935
6.57314925355
20.6007808144
6.75351984891
20.5668522181
6.93565584515
20.5336735484
7.11969734965
20.5010947882
7.30563812817
20.4691445687
7.49343512529
20.4378556068
7.68300640235
20.4072445852
7.87422907538
20.3772920314
8.06688483411
20.3479417689
8.26063809057
20.3192356897
8.45529463147
20.2912400829
8.65083231767
20.2638903699
8.84723113599
20.2370888835
9.04448046567
20.2107437659
9.24258363947
20.1847769021
9.44157328387
20.1591318545
9.64153175367
20.133781796
9.84256271846
20.1087255755
10.0447638028
20.0839631932
10.248198462
20.0594946488
10.4528700879
20.0353199426
10.6587125363
20.0115144244
10.8655795359
19.9882341029
11.0733208418
19.9655206879
11.2817989223
19.9433303711
11.4908623169
19.9216038124
11.7003345975
19.9002741695
11.9099487439
19.8794041737
12.1194620366
19.8590974117
12.3287989817
19.8392761395
12.5379398383
19.8198566489
12.7469205722
19.8007690007
12.9558641436
19.7819779626
13.1650754919
19.7635918645
13.3748725503
19.745762479
13.58529552
19.7285207696
13.7962254281
19.7118667363
14.0075605542
19.6958003791
14.2192252825
19.680321698
14.431196583
19.6654306931
14.6435316578
19.6511273642
14.8562701202
19.6374117115
15.0693546577
19.6242837349
15.2826646593
19.6117434344
15.4960207711
19.59979081
15.7092160013
19.5884258617
15.9220972769
19.5775732396
16.1346200571
19.5670606989
16.3467482238
19.5567774311
16.558416063
19.5466561866
16.7695352485
19.5366265112
16.9799289593
19.5267589855
17.189471775
19.5171871174
17.3986166982
19.5079090874
17.6077832582
19.4989248955
17.8170951835
19.4902345416
18.0266023731
19.4818380257
18.2362546809
19.4737341435
18.4458584156
19.4658129974
18.6552032119
19.4579228149
18.8641839474
19.4500326324
19.072778976
19.4421424499
19.281008732
19.4342522673
19.4889000292
19.4263620848
19.6964749723
19.4184719023
19.9036761623
19.4105817198
20.1103616995
19.4026915373
20.3164000217
19.3948013547
20.5216889307
19.3869111722
20.7261820974
19.3790209897
20.9298837418
19.3711308072
21.132911641
19.3632406246
21.3355701275
19.3553661555
21.5381684188
19.3475562516
21.7408956848
19.3398628926
21.9439240678
19.3323027788
22.1474788019
19.3247294041
22.351720359
19.3169286836
22.5562380567
19.3088347276
22.7606452487
19.3003937595
22.9648088551
19.2915543515
23.1685719205
19.2822668652
23.3716643581
19.2724828917
23.5738917162
19.2621546936
23.7752931885
19.2512345984
23.9759698306
19.239668597
24.1759789615
19.2273965785
24.3753296966
19.2143587038
24.5739675813
19.2005017799
24.7717182563
19.1857856344
24.9683915454
19.1701894892
25.1639528591
19.1537118298
25.3584980626
19.1363526562
25.5521857568
19.1181119685
25.7451986898
19.0989897666
25.9376985102
19.0789860505
26.1297086845
19.0581162371
26.3210562838
19.0363879958
26.51157966
19.0137737052
26.7012403717
18.9902332588
26.8900067095
18.9657448154
27.0778273873
18.9402960225
27.2642458505
18.9138863131
27.4488791128
18.8865258787
27.6316633745
18.8582202201
27.8126243676
18.8289772107
27.9918872258
18.7988031382
28.1697151039
18.7676987432
28.3463182346
18.7356552614
28.5217514236
18.7026525536
28.6960192852
18.6686680614
28.8690977911
18.633679866
29.0409478337
18.5976636067
29.211499116
18.5605894004
29.3807173834
18.5224187602
29.5486278246
18.4831015144
29.7152297909
18.4425782239
29.8804866904
18.4007940237
30.0443272726
18.3576984654
30.206638974
18.3132445302
30.3672339746
18.2673876412
30.5257870688
18.2200692591
30.6820038232
18.1712390593
30.835742531
18.1208967576
30.9869162617
18.0691068012
31.1354885358
18.0159735323
31.2814740816
17.9616151452
31.4252784912
17.9061253624
31.5672139217
17.8495545261
31.7072808107
17.7919326799
31.845422657
17.7332757125
31.9815632359
17.6735922625
32.1156437312
17.6128906221
32.247617197
17.5511856862
32.3774364244
17.4885096561
32.5050654875
17.4249110766
32.6304870349
17.3604469947
32.753709605
17.2951751181
32.8748057285
17.2291459742
32.9938753068
17.1623946658
33.1109460272
17.094935988
33.2259587325
17.0267782493
33.3388137161
16.9579272971
33.4494119397
16.8883867924
33.5576966532
16.8181577996
33.6637222059
16.7472386734
33.767716812
16.6756652389
33.8698851817
16.6035231839
33.970288231
16.5309096513
34.0689511902
16.4578868843
34.1658798875
16.3844745569
34.2610812032
16.3106405654
34.3545727823
16.2363335178
34.4463795592
16.1615057414
34.5365170227
16.086113492
34.6249850511
16.0101242357
34.711764891
15.9335227097
34.796839874
15.8563109573
34.8801999625
15.7785058806
34.9618344388
15.7001267328
35.0417291919
15.6211885083
35.1198690007
15.5417014725
35.1962405327
15.4616704108
35.2708486102
15.3810899698
35.3437201948
15.2999483329
35.4149063094
15.2182315752
35.4844867939
15.1359165141
35.552554144
15.0529773138
35.6191962077
14.969392921
35.6844788815
14.8851545001
35.7484367223
14.800267417
35.8110873351
14.7147060914
35.8724431936
14.6284015421
35.932515294
14.541264531
35.9913168082
14.4532087064
36.0488649372
14.3641745921
36.1051735123
14.2741563193
36.1602558392
14.1831870257
36.2141242415
14.0913193539
36.2668029225
13.9986171219
36.3183361334
13.9051460042
36.3687902117
13.8109638522
36.4182318812
13.7161170396
36.4667226812
13.620639244
36.5143195495
13.5245544925
36.5610746622
13.4278809456
36.6070352737
13.3306357619
36.6522428422
13.2328395913
36.6967187555
13.1345222704
36.7404623545
13.0357236772
36.7834577278
12.9364904648
36.8256815606
12.8368663581
36.8671079442
12.7368846864
36.9077099865
12.6365606818
36.9474404945
12.5358784647
36.9862323303
12.4347951997
37.0240010921
12.3332549117
37.0606586485
12.231197394
37.0961267908
12.128567052
37.1303490853
12.0253225896
37.1632853237
11.921447351
37.1948936079
11.8169403105
37.2251371521
11.7118097842
37.2539971828
11.6060661681
37.2814731864
11.4997151875
37.3075854187
11.3927525974
37.332349277
11.2851658279
37.3557560298
11.1769381212
37.3777793956
11.0680534395
37.3983828558
10.9585013966
37.4175269683
10.8482821892
37.4351759663
10.7374107288
37.4512868385
10.625924968
37.4657966386
10.5138863257
37.4786297568
10.401373292
37.4897050606
10.2884751722
37.4989428318
10.175286074
37.5062717031
10.0618988944
37.5116383929
9.94840022587
37.5150305486
9.83487572923
37.5164667546
9.72141033044
37.515984945
9.60808116723
37.5136279962
9.49495254541
37.5094322995
9.38207145121
37.5034181337
9.26946221914
37.4955974401
9.15712054556
37.485993962
9.04502685403
37.474638515
8.93315640167
37.461550739
8.82148521309
37.4467262529
8.70999624293
37.4301298207
8.59868572707
37.4117175321
8.48755798825
37.3914572874
8.37662060503
37.3693257494
8.26588149684
37.3453045606
8.15534598554
37.3193765602
8.04501277734
37.2915227156
7.93487031512
37.2617365728
7.82489269575
37.2300405983
7.71504625024
37.1964780447
7.60529918456
37.1611022962
7.49562862825
37.1239690843
7.38602708651
37.0851315006
7.27650981043
37.0446559378
7.16712748032
37.0026183572
7.05796171835
36.9590982315
6.94911094191
36.9141665582
6.8406802079
36.867878429
6.73276466381
36.8202600475
6.62544193469
36.7713030041
6.51877029503
36.7209854859
6.41279774669
36.6692722968
6.30756645328
36.6161130134
6.20311661394
36.561451146
6.09949377628
36.5052257929
5.99675274383
36.4473753421
5.89494969126
36.3878612131
5.79414462482
36.3266674873
5.69440033076
36.2637974889
5.59577861337
36.1992703644
5.49833653302
36.1331176631
5.40212372404
36.0653841677
5.30717942644
35.9961363819
5.21353071608
35.9254513817
5.12119225299
35.8534138183
5.03016483545
35.7801137792
4.94043648252
35.705641778
4.85198411307
35.630080947
4.76477430656
35.553478303
4.67875875083
35.4758435039
4.59388170552
35.3971600625
4.51008980979
35.3174019194
4.42734057875
35.2365461621
4.34561502221
35.1545869503
4.26492067298
35.0715421819
4.18528883031
34.9874332258
4.10676089725
34.9022858437
4.02937936153
34.8161336263
3.95317950969
34.7290215146
3.87818115014
34.6410140046
3.80438388037
34.5521972166
3.73177835682
34.4626571616
3.66034954498
34.372475141
3.59007793889
34.2817238808
3.52094080416
34.1904636672
3.45291342089
34.0987384802
3.38597032667
34.0065660633
3.32008515105
33.9139077501
3.25521878971
33.8206857933
3.19131995785
33.7268038861
3.12833364928
33.6321647904
3.06621019888
33.5366879638
3.00491434499
33.4403269948
2.94443405973
33.3430677118
2.88476854924
33.2449215275
2.8259179799
33.1459221024
2.76788546748
33.0461147662
2.71068519935
32.94555063
2.65434132595
32.8442830134
2.59888388555
32.7423638716
2.54434472909
32.6398403594
2.49075344495
32.5367555997
2.43813328381
32.4331505836
2.38649708336
32.3290672045
2.3358463612
32.224551088
2.28618108228
32.1196444531
2.23749754695
32.0143847336
2.18978849611
31.9088061169
2.1430354076
31.8029389116
2.0971992011
31.6968062966
2.05222958134
31.5904210524
2.00807457037
31.4837905032
1.96468945233
31.3769401565
1.92205219393
31.2699022184
1.88016473948
31.1626922545
1.8390356771
31.0553049866
1.79866873204
30.947712512
1.75905308602
30.8398627184
1.72015392855
30.7316970214
1.68192383837
30.6231728023
1.64431236512
30.5142665891
1.60725751534
30.4049692252
1.5706775442
30.2952811887
1.53447736276
30.1852069637
1.49855801017
30.0747494114
1.46282612591
29.9639040046
1.42720342203
29.852648857
1.39163615534
29.7409074078
1.35609551932
29.6285392452
1.3205672744
29.5154025279
1.28504284517
29.4014015793
1.24951781769
29.2864560415
1.21399131785
29.1704978932
1.17847588514
29.0534729561
1.14300893808
28.9353450169
1.10764560135
28.8161031678
1.07245238771
28.6957956453
1.03750986409
28.5745155888
1.00290290995
28.4523791627
0.968707640516
28.3295085537
0.934990913745
28.2059987039
0.901803413644
28.0818341164
0.869171139772
27.9568305866
0.837107726783
27.830827925
0.805625038041
27.7037816174
0.774732484551
27.5756522424
0.744442652929
27.4464044593
0.714772243947
27.3160067734
0.685737887731
27.1844313
0.657351958972
27.0516562818
0.629618392129
26.9176802124
0.602528496629
26.7825284749
0.576056772075
26.6462854686
0.550165803836
26.5090973788
0.524818743039
26.3711009688
0.499979278135
26.2323776864
0.475611131226
26.0929871561
0.451674251372
25.9529733233
0.428131057169
25.8123700355
0.404945953152
25.6712066421
0.382084657118
25.5295103959
0.359512483445
25.3872759607
0.337185273984
25.2444786841
0.315055591444
25.1011076313
0.293095013198
24.9571922637
0.271297984815
24.812825193
0.249675565376
24.6682158869
0.22826267662
24.5237193651
0.207104607336
24.3796139585
0.186245316557
24.2359887816
0.165733067663
24.0928534851
0.145621078354
23.9500044655
0.125963145616
23.8068753464
0.106809270696
23.6633872068
0.088201284073
23.5195218549
0.0701684704279
23.3753063539
0.0527231936149
23.2308311643
0.0358655929173
23.0862371901
0.019595668335
22.941632474
0.00391341986817
22.797059804
-0.0111811524833
22.6525444781
-0.025687955077
22.5081022158
-0.0396034039647
22.3637436354
-0.0529270774975
22.2194769804
-0.0656616427568
22.0753094443
-0.0778125929078
21.931228194
-0.0893879845515
21.7872040898
-0.100398175078
21.6432090028
-0.110857538254
21.4992125278
-0.120798770364
21.3551838921
-0.130268756063
21.2111454857
-0.139314326033
21.0672373437
-0.147981750569
20.9235081678
-0.156316318463
20.7797340633
-0.164361988747
20.6357038546
-0.172167024801
20.4913858246
-0.179784644323
20.3469814868
-0.187268644301
20.2030649228
-0.194669025983
20.0597391935
-0.202027619845
19.9170511432
-0.209373710571
19.774990071
-0.216719257595
19.6334799656
-0.224046049269
19.4923972388
-0.231314344818
19.3516492762
-0.238471198595
19.2112020684
-0.245458551425
19.0710269552
-0.252207523357
18.9310881508
-0.258641164115
18.7913334513
-0.264689115715
18.6516658649
-0.270296205826
18.5119036712
-0.275409539224
18.3718831432
-0.27998271085
18.2315265914
-0.283982283454
18.0907938183
-0.28739426523
17.9496252226
-0.29021857089
17.8078884998
-0.292455200436
17.6652598214
-0.294104153865
17.5208674694
-0.29516543118
17.3743135267
-0.295570411112
17.2256486713
-0.295153331233
17.0750353091
-0.29385473718
16.9227141712
-0.291674628955
16.76925438
-0.288613006556
16.6147263754
-0.284669869984
16.4591322202
-0.27984521924
16.302436803
-0.274139054322
16.1446047042
-0.267551779649
15.9855971786
-0.260101746153
15.8253740611
-0.251828694609
15.6638815252
-0.242785570664
15.5010374576
-0.233030433493
15.3367179111
-0.222632163047
15.1707816817
-0.211667709602
15.0030982585
-0.200207431142
14.8335511366
-0.188306499998
14.6620889145
-0.176017811394
14.4886590206
-0.163387770389
14.3131467871
-0.150449814233
14.1354314678
-0.137217934732
13.9554524881
-0.123692217173
13.7732463591
-0.109872661556
13.5890123269
-0.0957592678816
13.4034487056
-0.0813520361496
13.2170498073
-0.0667195876267
13.0301602263
-0.0520276847426
12.8428754902
-0.0373357818585
12.6550021235
-0.0226438789744
12.4658993704
-0.00795197609025
12.2752693587
0.00673992679388
12.0828689706
0.021431829678
11.8886279605
0.0361233281442
11.6925236792
0.0507960712609
11.49454352
0.0654103182512
11.2946774373
0.079913123471
11.0929341499
0.0942465213854
10.8893598374
0.108355711547
10.6840758141
0.122197243571
10.4772717492
0.135747202116
10.2691991869
0.149003322603
10.0602217326
0.161965605033
9.85070804762
0.174634049404
9.64093183403
0.187008655718
9.4310796459
0.199089423975
9.22123544206
0.210876354174
9.01119292473
0.222369446315
8.80098094995
0.233568700398
8.59109454013
0.244474116424
8.3816345723
0.255017073125
8.17242144493
0.265031808072
7.96323383503
0.274458866904
7.75400017182
0.283298249621
7.54472246087
0.291549956222
7.33549572299
0.299213986707
7.12658279847
0.306290341078
6.91827127398
0.312779019333
6.71069867464
0.31868042589
6.50395793853
0.324012911682
6.29813821112
0.328816217484
6.09333696318
0.333143288942
5.88967359779
0.33705209159
5.68731386267
0.340597425876
5.48643575417
0.343822742183
5.28719645983
0.346751955854
5.08973847551
0.349387331468
4.89414793814
0.351728869024
4.70052611436
0.353776568522
4.50904890561
0.355530429962
4.31992516363
0.356990453345
4.13337754071
0.35815663867
3.94983632317
0.359028985938
3.7694361789
0.359607495148
3.59179617024
0.3598921663
3.41686193553
0.359951440245
3.24470771342
0.359950426619
3.07547764671
0.359947458832
2.9093645415
0.359940956396
2.74662131112
0.35992888789
2.58760401634
0.359908779575
2.43261899401
0.359877724007
2.28180024904
0.359832388648
2.13524016447
0.359769024474
1.99300972212
0.359683474594
1.85515673321
0.359571182856
1.72170406896
0.359427202459
1.59264629771
0.35924620457
1.4679160821
0.359022486929
1.34739503011
0.358749982465
1.23094332185
0.358422267907
1.11838562472
0.358032572396
1.00953183787
0.357573786095
0.904207044108
0.357038468803
0.802281461768
0.356418858565
0.703722095477
0.355706880285
0.608814505097
0.354894154338
0.517705879394
0.353972005181
0.430485736851
0.352931469964
0.347226123911
0.351763307144
0.268003468758
0.35045818551
0.192894683988
0.349006984761
0.121956673759
0.34740079989
0.0552057117741
0.345630941184
-0.00742140327361
0.343688934225
-0.0661418454456
0.34156651989
-0.121191325385
0.33925565435
-0.172668939825
0.33674850907
-0.220624025373
0.33403747081
-0.265083551225
0.331115141625
-0.306060370505
0.327974338863
-0.343561471611
0.324608095169
-0.377596125139
0.321009658481
-0.408164700533
0.31717249203
-0.435252758631
0.313090274344
-0.459305471362
0.308877959427
-0.480264862881
0.304525846375
-0.49810032437
0.300022274878
-0.512822599821
0.295353168138
-0.524497127094
0.290501687479
-0.533255312321
0.285450531602
-0.539495886574
0.280183542448
-0.543448489888
0.274685701832
-0.545264020008
0.268943122829
-0.54506425492
0.262943041161
-0.542971515104
0.256673806591
-0.539111502936
0.250124874302
-0.533602147032
0.243286796296
-0.526542356308
0.236151212771
-0.518000774055
0.228710843519
-0.508004532002
0.220959479308
-0.49654202684
0.212891973273
-0.483593708374
0.204504232304
-0.469133776557
0.195793208432
-0.45313013329
0.18675689022
-0.435544334213
0.177394294151
-0.416331540499
0.167705456014
-0.395440470652
0.157691422294
-0.3728133523
0.147354241559
-0.35699595549
0.138535721229
-0.338866271459
0.129001071713
-0.318609800015
0.118737217783
-0.296051577199
0.107775007529
-0.270918952211
0.0961566324335
-0.242939218903
0.0839242902213
-0.211839671125
0.0711201786154
-0.177347602729
0.0577864953392
-0.139190307567
0.0439654381161
-0.0970950794905
0.0296992046696
-0.050789212351
0.0150299927231
0
0
