6
162
0.0688477
-0.0205078
-0.124023
-0.00292969
0.0830078
0.213672
0.0786133
-0.0209961
-0.130371
-0.00341797
0.0830078
0.213672
0.0883789
-0.0214844
-0.137695
-0.00390625
0.0830078
0.213282
0.0976562
-0.0219727
-0.14502
-0.00390625
0.0830078
0.213282
0.10791
-0.0224609
-0.152832
-0.00390625
0.0825195
0.213282
0.117676
-0.0224609
-0.160156
-0.00488281
0.0820312
0.21289
0.12793
-0.0224609
-0.16748
-0.00732422
0.081543
0.21289
0.137695
-0.0224609
-0.174805
-0.00927734
0.0810547
0.21289
0.146484
-0.0229492
-0.182617
-0.0117188
0.0800781
0.21289
0.156738
-0.0234375
-0.191406
-0.0146484
0.0795898
0.21289
0.16748
-0.0239258
-0.199707
-0.0166016
0.0791016
0.21289
0.177246
-0.0239258
-0.208008
-0.0170898
0.078125
0.213282
0.186035
-0.0244141
-0.216797
-0.0175781
0.0766602
0.21289
0.193359
-0.0253906
-0.226074
-0.0180664
0.0751953
0.2125
0.200684
-0.0258789
-0.234375
-0.0175781
0.0732422
0.211328
0.207031
-0.0263672
-0.242188
-0.0180664
0.0703125
0.208984
0.211914
-0.0263672
-0.250977
-0.0175781
0.0664062
0.205859
0.216309
-0.0273438
-0.258789
-0.0175781
0.0629883
0.202734
0.221191
-0.0283203
-0.267578
-0.0180664
0.059082
0.2
0.226562
-0.0292969
-0.276855
-0.0180664
0.0551758
0.198438
0.22998
-0.0307617
-0.286621
-0.0180664
0.0498047
0.197266
0.232422
-0.0322266
-0.297363
-0.0175781
0.0439453
0.196094
0.233398
-0.0332031
-0.307617
-0.0180664
0.0385742
0.194141
0.235352
-0.034668
-0.319336
-0.0175781
0.0327148
0.191016
0.237793
-0.0361328
-0.330078
-0.0180664
0.0268555
0.1875
0.239746
-0.0366211
-0.34082
-0.0180664
0.0200195
0.184375
0.241211
-0.0375977
-0.352051
-0.0175781
0.0126953
0.180859
0.243164
-0.0385742
-0.362305
-0.0175781
0.00488281
0.178516
0.245117
-0.0390625
-0.37207
-0.0175781
-0.00244141
0.175781
0.248535
-0.0395508
-0.382324
-0.0175781
-0.00927734
0.173828
0.25293
-0.0390625
-0.39209
-0.0175781
-0.0151367
0.171094
0.256348
-0.0390625
-0.402344
-0.0180664
-0.019043
0.167969
0.258301
-0.0390625
-0.411621
-0.0161133
-0.0224609
0.166406
0.260254
-0.0390625
-0.419922
-0.015625
-0.0258789
0.166016
0.264648
-0.0395508
-0.427734
-0.0161133
-0.0288086
0.166016
0.267578
-0.0395508
-0.434082
-0.0161133
-0.0336914
0.166016
0.269043
-0.0395508
-0.442383
-0.0151367
-0.0380859
0.166797
0.269043
-0.0400391
-0.450195
-0.0146484
-0.0415039
0.169531
0.269043
-0.0405273
-0.45752
-0.0146484
-0.043457
0.173828
0.269043
-0.0429688
-0.463379
-0.0146484
-0.0429688
0.177734
0.268555
-0.0473633
-0.467285
-0.0146484
-0.0419922
0.179688
0.269043
-0.0541992
-0.469727
-0.0146484
-0.0405273
0.179297
0.269043
-0.0610352
-0.470703
-0.0146484
-0.0400391
0.179297
0.269043
-0.0698242
-0.470215
-0.0146484
-0.0390625
0.179297
0.269043
-0.0786133
-0.469238
-0.0146484
-0.0390625
0.178906
0.269043
-0.0878906
-0.46875
-0.0146484
-0.0390625
0.178906
0.269043
-0.0961914
-0.468262
-0.0146484
-0.0390625
0.178516
0.269043
-0.105469
-0.468262
-0.0146484
-0.0390625
0.178516
0.269043
-0.115234
-0.46875
-0.0146484
-0.0390625
0.178125
0.268555
-0.124512
-0.469238
-0.0146484
-0.0390625
0.177344
0.269043
-0.132812
-0.469238
-0.0146484
-0.0390625
0.177344
0.269043
-0.138184
-0.469238
-0.0146484
-0.0390625
0.177344
0.269043
-0.143555
-0.46875
-0.0146484
-0.0390625
0.177344
0.269043
-0.147461
-0.468262
-0.0141602
-0.0400391
0.177344
0.269043
-0.150391
-0.468262
-0.0136719
-0.0419922
0.177344
0.269043
-0.155273
-0.468262
-0.0117188
-0.0444336
0.176953
0.269043
-0.161133
-0.468262
-0.00976562
-0.046875
0.176562
0.269043
-0.166016
-0.468262
-0.00732422
-0.0498047
0.175
0.268555
-0.169922
-0.468262
-0.00390625
-0.0527344
0.172266
0.269043
-0.17334
-0.468262
0
-0.0571289
0.168359
0.269043
-0.178223
-0.468262
0.00634766
-0.0625
0.164453
0.269043
-0.184082
-0.468262
0.0146484
-0.0698242
0.160156
0.269043
-0.188965
-0.468262
0.0239258
-0.0776367
0.154297
0.269043
-0.193359
-0.468262
0.0336914
-0.0869141
0.146484
0.269043
-0.197754
-0.469238
0.0444336
-0.0957031
0.136328
0.269043
-0.202148
-0.470215
0.0561523
-0.105469
0.126172
0.269531
-0.206543
-0.470703
0.0693359
-0.113281
0.116406
0.270996
-0.209961
-0.470703
0.0825195
-0.119141
0.106641
0.272461
-0.213379
-0.470703
0.0961914
-0.124512
0.0976562
0.274414
-0.216797
-0.470703
0.109375
-0.130859
0.0886718
0.275879
-0.220703
-0.470703
0.122559
-0.137695
0.0792969
0.277832
-0.224609
-0.470703
0.133301
-0.144531
0.0699218
0.279785
-0.228027
-0.471191
0.145996
-0.148926
0.0621094
0.28125
-0.231934
-0.471191
0.15625
-0.152832
0.0546875
0.282715
-0.23584
-0.471191
0.166016
-0.155273
0.0480469
0.283691
-0.23877
-0.470215
0.175781
-0.157715
0.0417969
0.285156
-0.242188
-0.469238
0.183594
-0.160645
0.0359375
0.285645
-0.246094
-0.46875
0.191406
-0.166016
0.0308594
0.285645
-0.251465
-0.468262
0.199219
-0.173828
0.0265625
0.286621
-0.256348
-0.467773
0.205566
-0.183594
0.0230469
0.289551
-0.262207
-0.467285
0.211914
-0.194824
0.0207031
0.291992
-0.26709
-0.466797
0.217285
-0.205078
0.0183592
0.293457
-0.271973
-0.464844
0.222656
-0.213867
0.0164064
0.294922
-0.276367
-0.462891
0.226074
-0.220703
0.0132816
0.29541
-0.280273
-0.459961
0.229492
-0.224609
0.0109376
0.295898
-0.28418
-0.456543
0.23291
-0.227539
0.008984
0.295898
-0.287598
-0.452148
0.23584
-0.229492
0.0070312
0.296387
-0.291504
-0.446777
0.239746
-0.231445
0.0050784
0.296387
-0.29541
-0.442383
0.243652
-0.23291
0.0019528
0.296387
-0.300293
-0.437012
0.248535
-0.234863
-0.0019528
0.296875
-0.305176
-0.432617
0.254395
-0.236328
-0.0066408
0.296875
-0.30957
-0.429199
0.260254
-0.236816
-0.0117184
0.296875
-0.313965
-0.426758
0.266602
-0.236816
-0.0171872
0.29834
-0.316895
-0.424805
0.273438
-0.236328
-0.0218752
0.299316
-0.319336
-0.424316
0.279785
-0.23584
-0.025
0.299805
-0.321289
-0.423828
0.286133
-0.236328
-0.0277344
0.300293
-0.32373
-0.42334
0.291504
-0.236328
-0.0296872
0.30127
-0.325684
-0.421875
0.295898
-0.236328
-0.0320312
0.303223
-0.327637
-0.42041
0.29834
-0.236328
-0.0347656
0.303711
-0.329102
-0.419434
0.300781
-0.236328
-0.0378904
0.303711
-0.330566
-0.418945
0.303223
-0.236328
-0.0417968
0.304199
-0.33252
-0.418457
0.305176
-0.236328
-0.0449216
0.304199
-0.334961
-0.416504
0.307617
-0.236328
-0.0468752
0.303711
-0.337891
-0.414551
0.309082
-0.236328
-0.0484376
0.303711
-0.340332
-0.411621
0.310059
-0.236328
-0.0492184
0.303711
-0.343262
-0.407715
0.310547
-0.236328
-0.05
0.303711
-0.34668
-0.402832
0.311035
-0.236328
-0.0507816
0.303711
-0.350586
-0.397461
0.311035
-0.236328
-0.0519528
0.303223
-0.354492
-0.391602
0.310547
-0.236328
-0.0539064
0.303711
-0.358398
-0.386719
0.311035
-0.236328
-0.0562496
0.303223
-0.362793
-0.381348
0.311035
-0.236328
-0.0585936
0.303223
-0.366699
-0.376953
0.311035
-0.236328
-0.0605472
0.303223
-0.369629
-0.371582
0.310547
-0.236328
-0.0621096
0.302734
-0.37207
-0.366211
0.311035
-0.236328
-0.0628904
0.302246
-0.373535
-0.36084
0.311035
-0.23584
-0.0632816
0.301758
-0.375977
-0.355469
0.311035
-0.235352
-0.0640624
0.301758
-0.377441
-0.349609
0.311035
-0.234375
-0.064844
0.30127
-0.379883
-0.344238
0.311035
-0.233398
-0.066016
0.300781
-0.382324
-0.339355
0.311035
-0.231934
-0.0683592
0.299805
-0.384766
-0.335938
0.311035
-0.231445
-0.0699216
0.299316
-0.386719
-0.33252
0.311523
-0.230469
-0.071484
0.299316
-0.38916
-0.330078
0.312012
-0.230469
-0.072656
0.298828
-0.391113
-0.327637
0.3125
-0.230469
-0.0734376
0.29834
-0.392578
-0.325195
0.313477
-0.230469
-0.073828
0.297363
-0.394531
-0.323242
0.313965
-0.229004
-0.0742184
0.296875
-0.396973
-0.321289
0.314453
-0.228027
-0.075
0.296387
-0.398438
-0.318359
0.314453
-0.228027
-0.0765624
0.295898
-0.400391
-0.314453
0.31543
-0.228027
-0.0777344
0.294922
-0.401367
-0.310059
0.316895
-0.227539
-0.0792968
0.293945
-0.402832
-0.306641
0.318848
-0.225586
-0.0808592
0.29248
-0.404297
-0.303223
0.321777
-0.224121
-0.0828128
0.291504
-0.40625
-0.299805
0.324219
-0.222168
-0.0859376
0.290527
-0.408691
-0.296875
0.32666
-0.220215
-0.0894528
0.290527
-0.410156
-0.293457
0.329102
-0.21875
-0.0933592
0.290527
-0.411133
-0.291016
0.331055
-0.21875
-0.0968752
0.290527
-0.412598
-0.289551
0.333008
-0.218262
-0.101172
0.290527
-0.413574
-0.288086
0.334961
-0.218262
-0.104297
0.290527
-0.414551
-0.286133
0.335938
-0.217773
-0.10625
0.290527
-0.415039
-0.284668
0.337891
-0.217773
-0.107813
0.290527
-0.415527
-0.283203
0.339355
-0.217285
-0.108984
0.290527
-0.415527
-0.282227
0.340332
-0.216797
-0.110156
0.290039
-0.416016
-0.280273
0.341797
-0.21582
-0.111328
0.289551
-0.416504
-0.278809
0.342285
-0.215332
-0.11289
0.289551
-0.417969
-0.277344
0.342773
-0.215332
-0.114062
0.289062
-0.418945
-0.275391
0.342773
-0.215332
-0.115234
0.289062
-0.419922
-0.273926
0.342285
-0.215332
-0.116016
0.288574
-0.421387
-0.272461
0.342773
-0.215332
-0.117187
0.288086
-0.421875
-0.271484
0.342773
-0.215332
-0.117969
0.288086
-0.422363
-0.270996
0.342773
-0.214844
-0.118359
0.288086
-0.421875
-0.270996
0.342773
-0.214355
-0.119141
0.288086
-0.421875
-0.270996
0.342773
-0.214355
-0.119922
0.288086
-0.421875
-0.271484
0.342773
-0.214355
-0.120703
0.288086
-0.421875
-0.271973
0.342773
-0.214355
-0.121875
0.288086
-0.421387
-0.272461
0.342773
-0.213867
-0.121875
0.288086
-0.420898
-0.272949
0.342773
-0.213867
-0.122266
0.288086
-0.421387
-0.272949
0.342773
-0.213379
-0.122656
0.288086
-0.421387
-0.272949
0.342773
-0.213379
-0.123438
0.288086
-0.420898
-0.272949
0.342773
-0.212891
-0.123828
0.288086
-0.420898
-0.272949
0.342285
-0.213379
-0.124218
0.288086
-0.420898
-0.272949
0.342773
-0.212891
-0.12461
0.288086
-0.421387
-0.272949
0.342773
-0.212891
-0.12539
0.288086
-0.420898
-0.272949
0.342773
-0.212891
-0.126172
