9.72
9.66
9.6
9.54
9.48
9.42
9.36
9.3
9.24
9.18
9.12
9.06
9
8.94
8.88
8.82
8.76
8.7
8.64
8.58
8.52
8.46
8.4
8.34
8.28
8.22
8.16
8.1
8.04
7.98
7.92
7.86
7.8
7.74
7.68
7.62
7.56
7.5
7.44
7.38
7.32
7.26
7.2
7.14
7.08
7.02
6.96
6.9
6.84
6.78
6.72
6.66
6.6
6.54
6.48
6.42
6.36
6.3
6.24
6.18
6.12
6.06
6
5.94
5.88
5.82
5.76
5.7
5.64
5.58
5.52
5.46
5.4
5.34
5.28
5.22
5.16
5.1
5.04
4.98
4.92
4.86
4.8
4.74
4.68
4.62
4.56
4.5
4.44
4.38
4.32
4.26
4.2
4.14
4.08
4.02
3.96
3.9
3.84
3.78
3.72
3.66
3.6
3.54
3.48
3.42
3.36
3.3
3.24
3.18
3.12
3.06
3
2.94
2.88
2.82
2.76
2.7
2.64
2.58
2.52
2.46
2.4
2.34
2.28
2.22
2.16
2.1
2.04
1.98
1.92
1.86
1.8
1.74
1.68
1.62
1.56
1.5
1.44
1.38
1.32
1.26
1.2
1.14
1.08
1.02
0.96
0.9
0.84
0.78
0.72
0.66
0.6
0.54
0.48
0.42
0.36
0.3
0.24
0.18
0.12
0.06
0
