2
1000
-42.842448328
-3.45503615548
-42.8413925345
-3.45503615548
-42.8389485251
-3.45503615548
-42.8352131571
-3.45503615548
-42.8302832876
-3.45503615548
-42.8242557737
-3.45503615548
-42.8172274726
-3.45503615548
-42.8092952414
-3.45503615548
-42.8005559373
-3.45503615548
-42.7911009589
-3.4550164523
-42.7808279341
-3.45421063557
-42.7694261015
-3.45077144183
-42.7568631209
-3.44329001237
-42.7467216124
-3.43786109665
-42.7360442255
-3.43153972603
-42.7248750779
-3.42427487474
-42.7132570049
-3.41601738967
-42.7012315395
-3.40671931859
-42.6888388931
-3.39633323828
-42.676117935
-3.3848115827
-42.6631061732
-3.37210597119
-42.6498397346
-3.35816653663
-42.6363533448
-3.34294125363
-42.622680309
-3.32637526666
-42.6088524916
-3.30841021826
-42.5948941719
-3.28898293444
-42.580812176
-3.26802459988
-42.566599348
-3.24546204515
-42.5522383532
-3.22121907786
-42.537705482
-3.19521781373
-42.5229744526
-3.16738000765
-42.5080243632
-3.13764335927
-42.4928684425
-3.10605919756
-42.4775373297
-3.07278041002
-42.46205832
-3.03800786802
-42.4464449557
-3.00194810436
-42.4306896457
-2.96477967121
-42.4147585688
-2.92662605273
-42.3984465307
-2.88689162577
-42.3817484589
-2.84554754059
-42.3646731559
-2.80255378335
-42.347230566
-2.75785461737
-42.3294301395
-2.7113829227
-42.3112808324
-2.66306544541
-42.2927911064
-2.61282804687
-42.2739689293
-2.56060095302
-42.2548217746
-2.50632400363
-42.2353566216
-2.4499519016
-42.2155800171
-2.39145461322
-42.1955009614
-2.33082303668
-42.1751380457
-2.26807286784
-42.1545285193
-2.20324172642
-42.1337240173
-2.13638417019
-42.1127859554
-2.0675666653
-42.0917809259
-1.99686255663
-42.0707760929
-1.92434727027
-42.0498345875
-1.85009693337
-42.0290112792
-1.77418618627
-42.0083609618
-1.69668569787
-41.9879400148
-1.61766164863
-41.9678017829
-1.53717561788
-41.9479919558
-1.45528447115
-41.9285426644
-1.37204020714
-41.9094488873
-1.28749177906
-41.890668725
-1.20169057134
-41.872133524
-1.11469433231
-41.8537711193
-1.02657336142
-41.8355179222
-0.937407742843
-41.8173293723
-0.847283669545
-41.7991874122
-0.756289873495
-41.7810799796
-0.664514576454
-41.7629949509
-0.572041028193
-41.7449201602
-0.478942740118
-41.7268433578
-0.385283567912
-41.708755469
-0.291113168685
-41.6906594491
-0.19646441389
-41.672566487
-0.10135481641
-41.6544839555
-0.00578765707883
-41.6364121074
0.0902447588243
-41.6183431703
0.186757468117
-41.6002604408
0.283769448413
-41.5821377542
0.381303639962
-41.5639513707
0.47938567613
-41.5456853347
0.578039859922
-41.5273305537
0.677284736195
-41.5088827585
0.777129041511
-41.4903346596
0.877570109491
-41.4716739125
0.978591462688
-41.4528997206
1.08016210987
-41.4340190246
1.18223804735
-41.4150494712
1.28475845496
-41.3960112846
1.38765079041
-41.3769173559
1.49083663392
-41.3577620948
1.59423633939
-41.3385136943
1.69777454719
-41.3191345745
1.80138645689
-41.299587376
1.9050226874
-41.2798348761
2.00864876482
-41.2598399056
2.11223966522
-41.2395591403
2.21577860291
-41.2189295877
2.31925353801
-41.1978709304
2.42265186332
-41.1763021183
2.52595762483
-41.1541492339
2.62915088156
-41.1313509596
2.7322076745
-41.1078640449
2.83510341292
-41.083668398
2.93781545296
-41.058758902
3.04032579161
-41.0331296686
3.14263017322
-41.0067712142
3.24473917775
-40.9796733013
3.34667607465
-40.9518348667
3.44847218097
-40.9232896798
3.55016226718
-40.8941092713
3.65178070132
-40.8643922183
3.75335933491
-40.8342328775
3.8549307598
-40.8036935449
3.9565306935
-40.7728001113
4.05819532823
-40.7415429767
4.1599596599
-40.7099055099
4.26185558226
-40.6778778623
4.36390832908
-40.6454647037
4.46613261167
-40.6126927589
4.5685338139
-40.5795991971
4.67111260554
-40.5462212179
4.77386430905
-40.5126008222
4.87678014224
-40.4787960949
4.97984778937
-40.4448777454
5.08305126802
-40.4109232307
5.18637116355
-40.3770108785
5.28978463148
-40.34320949
5.39326207539
-40.3095657804
5.49676618686
-40.276101343
5.60025231744
-40.2428238543
5.70366441266
-40.2097327566
5.80693899121
-40.1768261975
5.91000952509
-40.144102161
6.0128116334
-40.1115383957
6.1152892704
-40.0790941233
6.21740044403
-40.0467208579
6.31912297078
-40.0143760759
6.42045689824
-39.9820474956
6.5214160351
-39.9497573326
6.62202471576
-39.9175620968
6.72231402326
-39.8855242124
6.82231725213
-39.8536980871
6.92206678384
-39.822122258
7.02159126689
-39.7908117385
7.12091280712
-39.7597689065
7.22004603061
-39.7289908384
7.3190053114
-39.6984726345
7.41780919216
-39.6681997967
7.51648086858
-39.6381493331
7.61504653443
-39.6082932612
7.71353334961
-39.5786021104
7.81196740826
-39.5490526663
7.91037159878
-39.5196230406
8.00876100494
-39.4902961865
8.1071341525
-39.4610644274
8.20547329127
-39.431928321
8.30374791149
-39.4028897199
8.40192071571
-39.373949356
8.49995281751
-39.3451053749
8.5978086713
-39.3163518696
8.69546100224
-39.2876858703
8.79289232065
-39.2591265877
8.89008590222
-39.2307100602
8.98702465789
-39.2024810694
9.08369114422
-39.1744854919
9.18006832898
-39.146762847
9.27614059622
-39.1193388454
9.37189475138
-39.0922181373
9.46732103672
-39.0653921468
9.56241859571
-39.0388374233
9.65720685788
-39.0125218964
9.75171650205
-38.98640504
9.84598196871
-38.9604410605
9.94003816546
-38.9345821054
10.0339171818
-38.9087814713
10.1276450039
-38.8830013257
10.2212381492
-38.857215522
10.3147113227
-38.8314162901
10.4080883578
-38.8056086181
10.5014076095
-38.7798034691
10.5947183042
-38.7540155438
10.6880740323
-38.7282610425
10.7815262419
-38.7025554286
10.8751177317
-38.6769111905
10.9688761446
-38.6513366837
11.0628071335
-38.6258321218
11.1568908886
-38.6003751033
11.2510924387
-38.5749270258
11.3453665857
-38.5494397746
11.4396590507
-38.523863965
11.5339090848
-38.498157326
11.6280522503
-38.4722930838
11.7220232012
-38.4462681459
11.815758454
-38.4200968027
11.9091943632
-38.3938204571
12.0022541077
-38.3675028021
12.094850885
-38.3412205253
12.1868936368
-38.3150540138
12.278292775
-38.2890780594
12.3689659078
-38.2633525629
12.4588435649
-38.2379090055
12.5478750194
-38.2127578016
12.6360235887
-38.1879020698
12.723258086
-38.1633368217
12.8095521459
-38.1390510944
12.8948839892
-38.1150301873
12.9792362041
-38.0912578998
13.0625955266
-38.0677187688
13.1449526206
-38.0444003058
13.2263018594
-38.0212941551
13.3066414598
-37.9983927265
13.3859760693
-37.9756885635
13.4643155902
-37.9531745392
13.5416725225
-37.9308448196
13.618061006
-37.9086942743
13.6934943973
-37.886717746
13.7679826774
-37.8649093186
13.8415298589
-37.8432656471
13.9141284714
-37.8217975746
13.9857497693
-37.8005184605
14.0563534162
-37.779439605
14.1258961647
-37.7585704911
14.1943375486
-37.7379190404
14.2616455631
-37.7174918671
14.3278023467
-37.6972945406
14.3928098492
-37.6773389155
14.4566829192
-37.657637063
14.519438559
-37.638194793
14.5810953832
-37.6190149549
14.6416739478
-37.6000977952
14.7011966396
-37.5814412109
14.7596875513
-37.5630410018
14.8171723554
-37.5448911232
14.8736781785
-37.5269839389
14.9292334763
-37.5093104735
14.9838678799
-37.4918606656
15.0376093194
-37.4746239962
15.0904824738
-37.457590886
15.1425106886
-37.4407525399
15.1937164298
-37.4241006493
15.2441215664
-37.4076270946
15.2937476546
-37.391323648
15.3426162205
-37.3751776125
15.3907519691
-37.359155164
15.4381938653
-37.3432029624
15.4849913734
-37.3272549609
15.5311966121
-37.3112373667
15.5768581414
-37.2950735889
15.6220147591
-37.2786891873
15.6666892971
-37.2620168132
15.7108824306
-37.2449938031
15.7545790539
-37.2275589962
15.7977582155
-37.2096564798
15.840394567
-37.1912363905
15.8824593712
-37.1722555166
15.9239218099
-37.1526765642
15.9647529812
-37.13246717
16.0049273555
-37.1115990586
16.0444234085
-37.0900471987
16.0832242543
-37.0677889604
16.1213182789
-37.0448032717
16.158699773
-37.0210693996
16.1953690324
-36.9965649617
16.2313307589
-36.9712654923
16.266593926
-36.9451441487
16.3011718152
-36.9181714183
16.3350820509
-36.8903148259
16.3683466368
-36.8615386435
16.4009919887
-36.831808309
16.4330446565
-36.8010938866
16.4645271383
-36.7693604183
16.4954607561
-36.7365667865
16.5258667922
-36.7026688429
16.5557664797
-36.6676225375
16.5851809923
-36.6313870475
16.6141314345
-36.5939279063
16.6426388317
-36.5552186101
16.6707239052
-36.5152402519
16.6984065951
-36.4739840985
16.7257060238
-36.4314495426
16.7526435822
-36.3876392518
16.7792429026
-36.3425584198
16.8055277417
-36.2962138818
16.831520679
-36.2486132306
16.8572418145
-36.1997639318
16.8827074666
-36.1496724397
16.9079288703
-36.0983433131
16.9329108752
-36.0457783307
16.9576506434
-35.9919755384
16.9821393594
-35.9369295839
17.0063716864
-35.8806338714
17.0303472886
-35.8230827946
17.0540716379
-35.764277374
17.0775535694
-35.7042286703
17.1008039882
-35.6429579485
17.1238373552
-35.5805066647
17.1466688873
-35.5169371213
17.169313499
-35.4523265147
17.1917858893
-35.3867605936
17.2141006284
-35.3203273174
17.2362722453
-35.2531105149
17.2583153146
-35.1851835422
17.280244544
-35.1166029416
17.3020748608
-35.0474021942
17.3238211853
-34.9775916341
17.3454920911
-34.9071591933
17.3670953525
-34.8360676105
17.3886534681
-34.7642616797
17.4101986434
-34.6916757293
17.4317672532
-34.6182411017
17.4533943057
-34.5438936325
17.4751079054
-34.4685811298
17.4969237168
-34.3922706105
17.5188399291
-34.3149451398
17.5408497069
-34.2366000227
17.5629415039
-34.1572412776
17.5850983265
-34.0768840324
17.6072977127
-33.9955475158
17.629514962
-33.9132514156
17.6517261422
-33.8300234956
17.6739056647
-33.745899908
17.6960297293
-33.6609227996
17.7180831748
-33.5751379264
17.7400582623
-33.488592611
17.7619533004
-33.4013336998
17.7837712704
-33.3134055205
17.8055184517
-33.2248478393
17.8272030469
-33.1356938181
17.8488338068
-33.0459727025
17.8704155481
-32.9557148369
17.8919497805
-32.8649550556
17.9134379625
-32.7737403791
17.934867744
-32.6821283294
17.9562175255
-32.5901850146
17.9774615364
-32.4979832142
17.9985749132
-32.405600463
18.0195387775
-32.3131171358
18.040345314
-32.2206114939
18.0610086872
-32.1281606027
18.0815535964
-32.0358419432
18.1020052815
-31.9437308644
18.1223891626
-31.8518980374
18.14273048
-31.7604069081
18.1630539344
-31.669310704
18.1833834579
-31.5786414674
18.2037446391
-31.4884072121
18.2241612782
-31.398594947
18.2446485363
-31.3091764234
18.2652141525
-31.2201139272
18.2858598181
-31.1313660721
18.3065825518
-31.0428936419
18.3273760742
-30.9546661799
18.3482321827
-30.8666691084
18.3691421264
-30.7789060337
18.390101403
-30.6914009478
18.4111032141
-30.6042049056
18.432113306
-30.5173880354
18.453077029
-30.4310306528
18.4739291485
-30.3452143732
18.4946036545
-30.2600132252
18.5150435722
-30.1754847635
18.5352107721
-30.0916614254
18.5550952787
-30.0085556342
18.5746977415
-29.9261688235
18.5940181605
-29.844493546
18.6130565358
-29.7635156995
18.6318128672
-29.6832173499
18.650287155
-29.6035795548
18.6684793989
-29.5245851859
18.6863895991
-29.4462205346
18.7040136353
-29.3684753572
18.721336888
-29.2913429111
18.7383359259
-29.2148196486
18.7549803518
-29.138904911
18.7712346484
-29.0636006221
18.7870600244
-28.9889115039
18.8024208543
-28.9148449575
18.8172927575
-28.8414095223
18.83166231
-28.7686137884
18.8455246418
-28.6964628306
18.858880497
-28.6249504731
18.8717494915
-28.5540609345
18.8841650549
-28.4837707039
18.8961688519
-28.414050417
18.9078052055
-28.3448667323
18.9191155189
-28.2761842067
18.9301326984
-28.2079703847
18.9408678341
-28.1401945227
18.9513209261
-28.0728230801
18.9614919743
-28.0058205532
18.9713809787
-27.9391502462
18.9809879394
-27.872774444
18.9903128563
-27.8066545864
18.9993557294
-27.7407514416
19.0081165588
-27.6750264996
19.0165994646
-27.6094441061
19.0248190663
-27.5439711338
19.0327993595
-27.4785750272
19.0405801103
-27.4132238969
19.0482160393
-27.3478873541
19.0557727767
-27.2825360265
19.0633182234
-27.2171401324
19.070912272
-27.1516689347
19.0786048975
-27.0860897337
19.086436359
-27.0203657767
19.0944468637
-26.9544587939
19.102674553
-26.8883322018
19.1111512564
-26.8219543064
19.1198982461
-26.7553011553
19.1289257686
-26.6883579865
19.138239002
-26.6211206347
19.1478363844
-26.5535935019
19.1577158105
-26.4857834579
19.1678772805
-26.417699129
19.1783207941
-26.3493503642
19.1890463516
-26.2807471054
19.2000539528
-26.2118982579
19.2113435978
-26.1428105598
19.2229152865
-26.0734874294
19.2347760099
-26.0039287302
19.2469545502
-25.9341315326
19.2594952886
-25.8640910314
19.2724503836
-25.7938030434
19.285864273
-25.7232644564
19.2997653868
-25.652472366
19.3141564944
-25.5814235472
19.3290034133
-25.5101139671
19.344246527
-25.4385374559
19.359818729
-25.3666855269
19.3756498828
-25.2945471979
19.3916712718
-25.2221088116
19.4078200498
-25.1493538567
19.4240436902
-25.0762627889
19.4403044368
-25.0028132025
19.4565799757
-24.9289821113
19.4728576826
-24.8547481434
19.4891353895
-24.7800916555
19.5054130964
-24.704995559
19.5216908032
-24.6294448842
19.5379685101
-24.5534264098
19.554246217
-24.4769288877
19.5705239239
-24.3999432686
19.5868016308
-24.3224618526
19.6030793377
-24.2444758325
19.6193500537
-24.1659771201
19.6355849965
-24.0869597494
19.6517392209
-24.0074228338
19.6677506352
-23.9273714734
19.6835462293
-23.8468168734
19.699051531
-23.7657770328
19.7142046566
-23.6842778461
19.728972001
-23.6023546941
19.743341118
-23.5200537031
19.7573071739
-23.4374244469
19.7708728865
-23.3545173091
19.7840484727
-23.2713820779
19.796851597
-23.1880665418
19.8093073198
-23.1046154354
19.8214442678
-23.0210707898
19.8332843798
-22.9374716196
19.84484028
-22.8538537174
19.8561141364
-22.7702515104
19.8671059491
-22.6866991734
19.877815718
-22.6032315203
19.8882434431
-22.5198848953
19.8983891245
-22.4366980639
19.9082527621
-22.3537131047
19.9178343559
-22.2709774852
19.9271269151
-22.1885484686
19.9361016574
-22.1064905527
19.9447142016
-22.0248717342
19.9529123892
-21.943758194
19.9606517823
-21.8632110305
19.9679039512
-21.783283783
19.9746615321
-21.7040199562
19.9809432862
-21.6254519238
19.9867847157
-21.5476006971
19.9922223712
-21.4704757282
19.9972916422
-21.3940821184
20.0020245579
-21.3184231679
20.0064475886
-21.243501691
20.0105794461
-21.1693213323
20.0144288846
-21.09588753
20.0179962793
-21.0232060655
20.0212816302
-20.9512818032
20.0242849374
-20.8801190292
20.0270062009
-20.8097217993
20.0294454205
-20.740094288
20.0316025964
-20.6712411372
20.0334777285
-20.6031678045
20.0350708169
-20.535880912
20.0363818614
-20.4693896704
20.0374108622
-20.4037088212
20.0381648102
-20.3388556799
20.0386724875
-20.2748485008
20.0389782753
-20.211705442
20.0391348964
-20.1494435334
20.039196182
-20.0880781169
20.0392130424
-20.027621767
20.0392279978
-19.968082732
20.0392672454
-19.909461993
20.0393471686
-19.8517506446
20.0394871553
-19.7949358291
20.039708933
-19.7390020133
20.040035893
-19.6839310308
20.0404924157
-19.6297021253
20.0411031943
-19.5762919924
20.0418925605
-19.5236748235
20.0428838084
-19.4718233596
20.0440985194
-19.420709713
20.0455558869
-19.3703046103
20.0472720409
-19.3205766243
20.0492593727
-19.2714914068
20.0515258593
-19.2230109204
20.0540743885
-19.1750901926
20.0569049615
-19.127674884
20.0600175783
-19.0807009237
20.0634122388
-19.0340908967
20.0670889431
-18.9877564036
20.0710476911
-18.9416014378
20.0752884829
-18.8955257626
20.0798113185
-18.8494282843
20.0846161732
-18.8032099541
20.0896997703
-18.7567771892
20.0950537919
-18.7100457731
20.1006655549
-18.662944254
20.1065186862
-18.6154110325
20.1125937976
-18.5673880285
20.1188691619
-18.5188205566
20.1253213876
-18.4696584362
20.1319260944
-18.4198571015
20.138658589
-18.3693787122
20.1454945399
-18.3181935697
20.1524106528
-18.2662810252
20.1593853464
-18.213627207
20.1663994272
-18.1602239565
20.1734367653
-18.1060683336
20.1804849694
-18.0511621211
20.1875360624
-17.99551133
20.1945871565
-17.9391281826
20.2016382507
-17.8820322816
20.2086893449
-17.8242486367
20.2157404391
-17.7658073099
20.2227915333
-17.7067422886
20.2298426275
-17.6470897856
20.2368937217
-17.5868866753
20.2439447913
-17.5261688764
20.2509925594
-17.4649700666
20.2580287083
-17.4033208603
20.2650405549
-17.3412479854
20.2720117259
-17.2787739642
20.2789228334
-17.2159219195
20.2857521499
-17.1527163971
20.292476284
-17.0891826369
20.2990708556
-17.0253458446
20.3055111711
-16.961230463
20.3117728991
-16.8968594429
20.3178327455
-16.8322532083
20.3236691287
-16.767429129
20.3292628553
-16.7024041792
20.3345977955
-16.6371962454
20.3396615579
-16.5718247777
20.3444461655
-16.506311442
20.3489487305
-16.4406832493
20.3531692517
-16.3749748711
20.3571077291
-16.309227726
20.3607641628
-16.2434890651
20.3641385527
-16.1778110574
20.3672308989
-16.1122498751
20.3700412013
-16.046864779
20.3725694599
-15.9817170695
20.3748156993
-15.9168690894
20.3767831965
-15.8523828953
20.3784802691
-15.7883184667
20.3799196002
-15.7247324178
20.3811175632
-15.6616818357
20.3820935459
-15.5992241336
20.3828692758
-15.5374153543
20.3834681444
-15.4763085367
20.3839138469
-15.4159522525
20.3842287737
-15.3563891434
20.3844334078
-15.297654458
20.3845457313
-15.2397748865
20.3845806305
-15.1827702637
20.3845493024
-15.1266540577
20.3844586599
-15.0714334304
20.384310738
-15.0171093873
20.3841020997
-14.9636769264
20.3838232414
-14.9111227089
20.3834608775
-14.859423545
20.3830009064
-14.8085481078
20.3824284933
-14.7584586492
20.3817281512
-14.7091127145
20.3808838217
-14.6604648583
20.379878957
-14.6124682211
20.3786966002
-14.5650756866
20.377319467
-14.5182412271
20.3757300267
-14.4719212656
20.3739105835
-14.4260760385
20.3718433572
-14.3806704551
20.3695105652
-14.3356698297
20.3668944964
-14.2910393206
20.3639761144
-14.2467448768
20.360734087
-14.2027542913
20.3571456686
-14.1590380857
20.3531878302
-14.1155703928
20.3488373835
-14.0723298401
20.3440710963
-14.0293001352
20.3388658092
-13.9864677808
20.3331985503
-13.9438211388
20.3270466519
-13.9013501514
20.3203878663
-13.8590460629
20.313200481
-13.8169011408
20.3054634353
-13.774908397
20.2971564357
-13.7330613094
20.2882600719
-13.6913535431
20.2787559325
-13.6497786719
20.2686267213
-13.6083298995
20.2578563723
-13.5669997808
20.2464301667
-13.5257800823
20.2343348473
-13.4846624893
20.2215582998
-13.4436390821
20.2080890712
-13.4027023852
20.1939162109
-13.3618454161
20.17902911
-13.3210617337
20.163417342
-13.2803454882
20.1470705083
-13.2396917495
20.1299795576
-13.1990968129
20.1121383616
-13.1585581656
20.0935443728
-13.1180744526
20.0741982753
-13.0776454422
20.0541036278
-13.037271992
20.0332665068
-12.9969560149
20.0116951492
-12.956700448
19.9893995957
-12.9165090824
19.9663913336
-12.8763863037
19.9426829397
-12.8363368327
19.9182877235
-12.7963654666
19.8932193699
-12.7564768188
19.8674915828
-12.7166738608
19.8411174352
-12.6769569503
19.814108902
-12.6373242404
19.7864767584
-12.5977720886
19.7582304777
-12.5582954662
19.7293781307
-12.518888367
19.6999262833
-12.4795437881
19.6698803317
-12.4402537545
19.6392449966
-12.4010097536
19.6080244971
-12.3618031693
19.5762227258
-12.322625718
19.5438434289
-12.2834701618
19.510891859
-12.2443310649
19.4773760011
-12.205205442
19.4433059453
-12.1660923078
19.4086922122
-12.1269916968
19.3735451314
-12.0879045537
19.3378749567
-12.0488326245
19.3016919806
-12.0097783465
19.2650066496
-11.9707447395
19.2278296787
-11.9317352958
19.1901721665
-11.8927538714
19.1520457097
-11.8538045762
19.1134625184
-11.814891665
19.0744355306
-11.7760194276
19.0349785272
-11.7371932796
18.9951065388
-11.698420365
18.9548360715
-11.6597087822
18.9141849638
-11.6210672866
18.8731719392
-11.582505171
18.83181609
-11.5440315241
18.7901369327
-11.5056545349
18.7481546254
-11.467381205
18.7058898641
-11.4292170622
18.6633637787
-11.3911658736
18.6205978298
-11.353229358
18.5776136983
-11.3154066195
18.5344317036
-11.2776935397
18.4910696486
-11.2400823403
18.4475428322
-11.2025624148
18.4038648617
-11.1651216908
18.3600484177
-11.1277471209
18.3161052912
-11.0904251735
18.2720464205
-11.0531423243
18.2278819281
-11.0158855466
18.1836211579
-10.9786427268
18.1392728125
-10.9414020979
18.0948463369
-10.904152391
18.050352249
-10.8668833254
18.0058020118
-10.8295872981
17.9612081972
-10.7922605856
17.9165844681
-10.7549031659
17.8719451953
-10.7175185352
17.827305076
-10.6801130499
17.7826790565
-10.6426950901
17.7380823251
-10.6052748437
17.6935297311
-10.5678640471
17.6490350441
-10.5304753156
17.604610533
-10.4931214743
17.5602665455
-10.4558148881
17.5160110873
-10.4185667926
17.4718494014
-10.3813866242
17.4277835475
-10.3442813551
17.3838119264
-10.3072563426
17.3399247413
-10.2703162809
17.2961027096
-10.2334649934
17.2523188902
-10.1967052233
17.2085405116
-10.1600384259
17.1647307998
-10.1234645591
17.120850806
-10.0869818756
17.0768612346
-10.0505867901
17.0327241703
-10.0142747281
16.9884035596
-9.97804025656
16.9438667448
-9.94187687663
16.8990864568
-9.90577561781
16.8540424484
-9.86972434075
16.8087176641
-9.83370872882
16.7630952345
-9.79771280301
16.7171587651
-9.76171925935
16.6708926957
-9.7257099985
16.6242825223
-9.68966665528
16.5773150179
-9.65357112822
16.5299784544
-9.61740610914
16.4822628242
-9.58115561263
16.4341600612
-9.54480550567
16.3856642631
-9.50834403713
16.3367719119
-9.47176236733
16.2874820962
-9.43505509359
16.237796787
-9.39821926091
16.1877251775
-9.36125326967
16.1372847719
-9.32415679209
16.0864995559
-9.28692925555
16.0354000523
-9.24956951225
15.984021898
-9.21207593545
15.932403875
-9.17444659204
15.8805858398
-9.13668039587
15.8286054086
-9.09877754365
15.776495693
-9.06073961236
15.7242834963
-9.02256965661
15.6719875093
-8.98427230473
15.6196165739
-8.94585363388
15.5671735919
-8.90732073672
15.5146589744
-8.86868176502
15.4620707974
-8.82994615041
15.4094048874
-8.79112463325
15.3566550436
-8.75222929137
15.3038132612
-8.7132736305
15.2508696921
-8.67427293299
15.1978107778
-8.63524371321
15.1446198324
-8.59620298994
15.0912782704
-8.55716755889
15.0377668355
-8.51815326156
14.9840668847
-8.47917400857
14.9301665343
-8.4402412301
14.8760635095
-8.40136361626
14.8217641492
-8.36254700959
14.7672822137
-8.32379573068
14.7126358065
-8.28511271756
14.6578457755
-8.2464992383
14.6029346595
-8.20795452755
14.5479257365
-8.1694720592
14.4928430205
-8.13103105592
14.437708749
-8.09259847626
14.3825407027
-8.05413201825
14.3273496758
-8.0155829022
14.2721425907
-7.97689834101
14.2169251574
-7.93802401099
14.1617015411
-7.89890652264
14.1064740309
-7.85949589147
14.0512427077
-7.8197480088
13.9960051127
-7.77962711257
13.940755915
-7.73910819654
13.8854868432
-7.69817695648
13.8301886086
-7.65682413714
13.7748511469
-7.61504403
13.7194632085
-7.57283334898
13.6640119279
-7.53019010977
13.6084823396
-7.4871127547
13.5528520304
-7.4435988505
13.4970890892
-7.39964364824
13.4411537035
-7.35524003487
13.3849977634
-7.31037685888
13.3285629303
-7.26503965599
13.2717816051
-7.21921232495
13.2145795653
-7.17287880336
13.1568786028
-7.12602712631
13.0985994581
-7.07865896575
13.0396662117
-7.03078903082
12.9800103843
-6.98244345154
12.9195748859
-6.93365838338
12.8583123205
-6.88447892234
12.7961837457
-6.83495472537
12.7331582476
-6.78513448093
12.6692117295
-6.73506266837
12.6043272003
-6.68477631727
12.5384950625
-6.63430170527
12.4717136626
-6.5836507974
12.4039916688
-6.53282078357
12.335347833
-6.48180029158
12.2658093414
-6.43057168622
12.1954102043
-6.3791154195
12.1241912151
-6.3274129856
12.0521989354
-6.27544842588
11.9794837288
-6.22320983392
11.9060977937
-6.17069070829
11.8320933946
-6.11788991399
11.7575230866
-6.06481326955
11.6824414728
-6.0114727342
11.6069040655
-5.95788464494
11.5309644754
-5.90407033643
11.4546718981
-5.85005427913
11.378070615
-5.7958507054
11.301200024
-5.74146767953
11.2240938619
-5.68691153019
11.1467794073
-5.63219128281
11.0692766832
-5.57732309404
10.9915976613
-5.52233798025
10.9137476417
-5.467290696
10.8357274175
-5.41225830961
10.7575331708
-5.35731190983
10.6791546686
-5.3025116861
10.6005765411
-5.24790737249
10.5217778942
-5.1935442909
10.4427336054
-5.13946524336
10.3634162718
-5.08571197246
10.2837981415
-5.03232419262
10.2038514965
-4.97934001655
10.1235500089
-4.92679783181
10.0428710491
-4.87473403994
9.9617968944
-4.82317528344
9.88031348664
-4.77214325528
9.79841433796
-4.72165735345
9.71610223558
-4.67173638552
9.63338927603
-4.62240027311
9.55029689927
-4.57366937351
9.46685562679
-4.52556628313
9.38310278475
-4.4781286863
9.29907986619
-4.43139795775
9.21483257616
-4.385409651
9.13040881249
-4.34018572862
9.04585586557
-4.2957300867
8.96121979335
-4.25202522906
8.87654558226
-4.20902665276
8.79187580897
-4.16666524764
8.70725007323
-4.12487656467
8.6227061291
-4.08360677242
8.53827767303
-4.04281350513
8.45399185447
-4.00246020189
8.36986448204
-3.96251465545
8.28589949198
-3.92294560297
8.20208921181
-3.88372071205
8.11841559786
-3.84480601659
8.03485242431
-3.80616535286
7.95136747224
-3.76776393274
7.8679258177
-3.72957742922
7.78449557135
-3.69158847939
7.70104846962
-3.65378534127
7.61756265417
-3.61616102672
7.5340211869
-3.57871233795
7.45040959976
-3.541447179
7.36671690148
-3.50439324006
7.28293576192
-3.46758868646
7.19906325388
-3.43107928785
7.11509974001
-3.39491329887
7.03104984337
-3.35913459808
6.94692419909
-3.32377253265
6.8627390307
-3.28883061324
6.77851494059
-3.25428551166
6.69427797064
-3.22011292748
6.6100623613
-3.18629014265
6.52590996739
-3.1527957832
6.44186988428
-3.1196097927
6.35799938826
-3.08671311595
6.27436657898
-3.05408711909
6.19104865066
-3.02171534589
6.10812934877
-2.9895838787
6.02569545307
-2.95768024953
5.94383230886
-2.92599648836
5.86262045743
-2.89453772536
5.78213482649
-2.86331865009
5.70244178357
-2.83235929885
5.62359603997
-2.80168084309
5.54563756733
-2.77130185186
5.46859444945
-2.7412346506
5.39248669918
-2.71147340508
5.31732661843
-2.68198129894
5.24311981158
-2.65270288895
5.16986392906
-2.62357468654
5.09754954031
-2.5945341398
5.0261614976
-2.56552861557
4.95568029988
-2.53652438145
4.88608345661
-2.50751558779
4.81734685161
-2.47852523577
4.74944533591
-2.44957927642
4.68235162205
-2.42070402178
4.61603852174
-2.39192635187
4.55048108794
-2.36327372931
4.48566062796
-2.3347742242
4.42156578224
-2.30645646771
4.35819134298
-2.27834960571
4.29553707261
-2.25048310727
4.23360616345
-2.22288632998
4.17240339971
-2.19558418354
4.1119330662
-2.16858724895
4.05219432481
-2.14189404081
3.99317872788
-2.11549394232
3.934867894
-2.08937061446
3.87723711875
-2.06350550145
3.82025995074
-2.03788102379
3.76390875394
-2.0124837714
3.70815527002
-1.98730723012
3.65297134964
-1.96234779256
3.59833122717
-1.93760290486
3.54421164667
-1.91307081316
3.49059149698
-1.88875030992
3.43745144688
-1.86464048032
3.3847735801
-1.84074044867
3.33254103048
-1.81704912472
3.28073761705
-1.79356495012
3.22934747911
-1.77028579784
3.17835359386
-1.74720872376
3.12773463819
-1.72432965935
3.0774608001
-1.7016434202
3.02749399918
-1.67914380776
2.97779047105
-1.65682371086
2.92830335171
-1.63467535249
2.87898562076
-1.6126907797
2.82979334248
-1.59086211791
2.78068806085
-1.56918181573
2.73163916706
-1.54764288979
2.68262626686
-1.52623916852
2.63364153526
-1.5049650619
2.5846861361
-1.4838152349
2.53576567639
-1.46278459322
2.48688967441
-1.44186826909
2.4380710277
-1.42106169381
2.38932515022
-1.40036055793
2.34066904459
-1.37976063115
2.29212066569
-1.35925762251
2.24369837548
-1.33884712842
2.19542054463
-1.31852452758
2.14730498676
-1.29828487304
2.09936838571
-1.27812278428
2.05162572276
-1.25803233933
2.00408970387
-1.23800681373
1.95677130439
-1.21803856438
1.90968185474
-1.19811895606
1.86283310613
-1.17823826773
1.8162371898
-1.15838559888
1.76990657612
-1.13854892085
1.72385439275
-1.1187153715
1.67809504034
-1.09887131418
1.63264396255
-1.0790023872
1.58751738823
-1.05909355337
1.54273207363
-1.03912914946
1.49830504465
-1.01909293574
1.45425333904
-0.998968145457
1.41059374859
-0.978737534329
1.36734256142
-0.958383430066
1.32451530411
-0.937887781853
1.28212648398
-0.917232123085
1.24018966218
-0.896553994902
1.19858584637
-0.875841356466
1.15735807214
-0.855081967769
1.11654267797
-0.834263679485
1.07616461939
-0.81337159961
1.0362403875
-0.79238652761
0.996781431329
-0.771285286916
0.957794437475
-0.750041131142
0.919281694592
-0.728624250208
0.881241580549
-0.707002417687
0.843669222926
-0.68514184218
0.806557409924
-0.663008320611
0.769897871864
-0.640568850994
0.733683126648
-0.617793146667
0.697907445131
-0.594653116178
0.662564261905
-0.571122675706
0.627645951706
-0.547177702411
0.593144030783
-0.522795987778
0.55904935827
-0.497957190962
0.525352337553
-0.472642792137
0.492043117641
-0.44683604584
0.45911179454
-0.420521934319
0.426548612619
-0.393687120876
0.394344165979
-0.366319903217
0.362489599829
-0.341618444918
0.329523598508
-0.316105095115
0.297323111444
-0.289636927192
0.265684342652
-0.262071337651
0.234485598774
-0.233310748835
0.203658782334
-0.203317591853
0.173195908812
-0.172118372779
0.143141785947
-0.139770310076
0.113536915213
-0.10632904899
0.0844011808844
-0.0718499819774
0.0557537033282
-0.036388501495
0.0276136029111
0
0
