2
1000
-47.3837209302
-2.18023255814
-47.3832910874
-2.18023255814
-47.382274253
-2.18023255814
-47.3806836877
-2.18023255814
-47.3785326524
-2.18023255814
-47.3758344076
-2.18023255814
-47.3726022142
-2.18023255814
-47.3688493328
-2.18023255814
-47.3645819224
-2.18023255814
-47.3595456111
-2.18023255814
-47.3531452989
-2.18023255814
-47.3449940743
-2.18023255814
-47.3351235223
-2.18023255814
-47.3277131011
-2.18023255814
-47.3197594429
-2.18023255814
-47.3112647909
-2.18023255814
-47.3022315726
-2.18023255814
-47.2926621628
-2.18023255814
-47.282558647
-2.18023255814
-47.271922584
-2.18023255814
-47.2607547694
-2.18023255814
-47.2490549982
-2.18023255814
-47.2368218281
-2.18023255814
-47.2240523427
-2.18023255814
-47.2107413192
-2.18023700563
-47.1968809504
-2.18025787946
-47.1824614777
-2.18031238472
-47.1674718246
-2.18042064714
-47.1519002303
-2.18060340761
-47.1357397117
-2.18087971661
-47.1190192449
-2.18126462868
-47.1017988144
-2.18176689687
-47.0841521396
-2.18238781718
-47.0661525764
-2.1831273896
-47.0478624536
-2.18398561413
-47.0293248445
-2.18496249077
-47.0105572916
-2.18605801953
-46.9915563551
-2.1872722004
-46.9720667892
-2.18860503338
-46.9520868684
-2.19005651847
-46.9316138193
-2.19162665567
-46.910643842
-2.19331544499
-46.8891725842
-2.19512288641
-46.8671960886
-2.19704897995
-46.8447108046
-2.19909372561
-46.8217165047
-2.20125712337
-46.7982174317
-2.20353917324
-46.774221634
-2.20593987523
-46.7497403014
-2.20845922933
-46.7247876954
-2.21109278805
-46.6993804159
-2.21382857254
-46.6735347551
-2.21664937773
-46.6472657857
-2.21953507785
-46.6205869855
-2.22246493204
-46.5935098614
-2.22541988981
-46.5660435746
-2.22838489663
-46.5381945641
-2.23135119943
-46.5099663226
-2.23431750223
-46.4813603279
-2.23728380503
-46.4523759089
-2.24025010783
-46.4230106045
-2.24321641063
-46.3932607344
-2.24618271343
-46.3631217398
-2.24914901623
-46.3325885235
-2.25211531903
-46.3016557903
-2.25508162183
-46.2703184459
-2.25804792463
-46.2385721202
-2.26101422743
-46.2064132296
-2.26398053023
-46.1738385672
-2.26694683303
-46.1408458277
-2.26991313583
-46.1074312279
-2.27287943863
-46.0735895149
-2.27584574143
-46.0393157128
-2.27881204423
-46.0046058174
-2.28177389954
-45.9694569025
-2.28471932851
-45.9338664259
-2.28763112605
-45.897832535
-2.29048916644
-45.8613524326
-2.29327270877
-45.8244197091
-2.29596270256
-45.7870252665
-2.29854409329
-45.7491588993
-2.3010081279
-45.7108110256
-2.30335351039
-45.6719753071
-2.30558024077
-45.6326478396
-2.30768831904
-45.5928251063
-2.3096777452
-45.5525012745
-2.31154851924
-45.51166528
-2.31330064118
-45.4702987726
-2.314934111
-45.428377232
-2.3164489287
-45.3858719577
-2.3178450943
-45.3427519999
-2.31912260779
-45.2989847225
-2.32028146916
-45.2545267334
-2.32132167842
-45.2093361316
-2.32224323557
-45.1633876724
-2.3230461406
-45.1166650168
-2.32373039353
-45.0691562847
-2.32429599434
-45.0208511348
-2.32474294304
-44.9717400285
-2.32507568712
-44.9218177313
-2.32530620543
-44.8710844621
-2.32545170305
-44.8195447862
-2.32553230572
-44.7672061783
-2.32556875433
-44.7140777992
-2.32557619305
-44.6601676291
-2.32555152442
-44.6054828726
-2.32547646264
-44.5500304094
-2.32532297943
-44.4938163567
-2.32506606643
-44.4368500514
-2.32469163258
-44.3791495607
-2.32419854661
-44.3207407667
-2.32358680854
-44.261658478
-2.32285641835
-44.2019472133
-2.32200737605
-44.1416588139
-2.32103968163
-44.0808491247
-2.31995333511
-44.019574673
-2.31874833647
-43.9578924226
-2.31742468573
-43.8958691774
-2.31598238287
-43.8335693684
-2.31442142789
-43.7710399198
-2.31274182081
-43.7083174159
-2.31094356161
-43.6454314161
-2.3090266503
-43.5824083593
-2.30698552149
-43.5192735391
-2.30480520861
-43.4560485377
-2.30246474897
-43.3927519238
-2.29994059173
-43.3294024134
-2.29721000591
-43.2660230637
-2.29425448838
-43.2026421586
-2.29106707818
-43.1392917369
-2.28766442207
-43.0760035673
-2.28407355889
-43.0128042021
-2.28032381291
-42.9497129205
-2.27644019251
-42.8867405262
-2.27243678873
-42.8238884816
-2.26831473284
-42.7611527223
-2.26407402484
-42.6985275212
-2.25971466472
-42.6360068962
-2.2552366525
-42.5735851449
-2.25063998816
-42.5112565891
-2.24592467171
-42.4490050897
-2.24109070314
-42.3868162276
-2.23613808247
-42.3246751838
-2.23106680968
-42.2625620363
-2.22587688478
-42.2004694101
-2.22056830777
-42.1384027509
-2.21514107865
-42.0763736017
-2.20959519742
-42.0143916245
-2.20393622946
-41.9524538808
-2.19817914135
-41.8905387935
-2.19234489578
-41.8286014913
-2.18645704358
-41.7665874513
-2.18053831574
-41.7044461567
-2.17460636768
-41.642126934
-2.16865950002
-41.5795847255
-2.16268407343
-41.5167874761
-2.15667594369
-41.4537236945
-2.15065259162
-41.3903966391
-2.14462810829
-41.3268124772
-2.13860362496
-41.2629746038
-2.13257914164
-41.1988776912
-2.12655465831
-41.134497425
-2.12052302749
-41.0697807955
-2.11443053162
-41.0046740202
-2.10822504289
-40.9391498656
-2.10190090205
-40.8732069359
-2.0954581091
-40.8068488831
-2.08889666404
-40.7400798544
-2.08221656686
-40.6729028796
-2.07541761538
-40.6053040761
-2.06847517957
-40.5372527654
-2.0613432166
-40.4687023424
-2.05398805382
-40.3995876523
-2.04641611878
-40.3298135783
-2.03864837416
-40.259297481
-2.03070837081
-40.188019579
-2.02261750097
-40.1159953325
-2.01436700541
-40.043244303
-2.00591707685
-39.9697951433
-1.99722039941
-39.8956796885
-1.98823525871
-39.8209250471
-1.97892786324
-39.7455495278
-1.96926074501
-39.669570444
-1.95920402661
-39.5930131024
-1.94874377015
-39.515915515
-1.93786895462
-39.4383324363
-1.9265691505
-39.3603406245
-1.91484047311
-39.2820456977
-1.90272381104
-39.2035530829
-1.89025547222
-39.1249505631
-1.87742093488
-39.0463108476
-1.86419415008
-38.9676918231
-1.85054407082
-38.8891362034
-1.83643585039
-38.810671687
-1.82183224308
-38.732317016
-1.80671902826
-38.65409559
-1.7911031938
-38.5760521835
-1.774979567
-38.4982636765
-1.75829953714
-38.4208645059
-1.74099755547
-38.3440145926
-1.7230049235
-38.2678394415
-1.70425638108
-38.1924295054
-1.68472469463
-38.1178634847
-1.66444402835
-38.0442058947
-1.64348131161
-37.971502316
-1.62189311375
-37.8997742031
-1.59969182637
-37.8290208943
-1.57686435912
-37.7592258296
-1.55339272307
-37.69036518
-1.52925456206
-37.6224133588
-1.50442456032
-37.5553529261
-1.47888335308
-37.4891879588
-1.45265822412
-37.4239206655
-1.42577622094
-37.3595284786
-1.39822055094
-37.2959674379
-1.3699728418
-37.2331887114
-1.34102034359
-37.1711509989
-1.31135496976
-37.1098336726
-1.28097225828
-37.0492412688
-1.24989435972
-36.9893959918
-1.21816578496
-36.9303305222
-1.18582395
-36.872086065
-1.1528743871
-36.8147302891
-1.11931584965
-36.7583175101
-1.08514849902
-36.7028395133
-1.05037401737
-36.6482543718
-1.01501896668
-36.5945185057
-0.979127145013
-36.5415828505
-0.942724180572
-36.4894000388
-0.905819717253
-36.4379354607
-0.868414445743
-36.387175078
-0.830518747922
-36.3371195584
-0.792148043768
-36.2877757026
-0.753316507189
-36.2391484658
-0.714038279949
-36.1912343374
-0.674327782559
-36.1440130352
-0.634192522128
-36.0974362478
-0.593594506491
-36.0514508787
-0.552501934177
-36.0060278724
-0.510934724334
-35.9611587383
-0.468923688476
-35.9168490525
-0.426502520533
-35.8731126331
-0.383705242859
-35.8299636343
-0.340563403439
-35.7874132808
-0.29707365482
-35.7454613387
-0.253197989958
-35.7040853273
-0.208899588509
-35.663236255
-0.164178749604
-35.6228212367
-0.119058409871
-35.5827409867
-0.0735758943454
-35.5429377885
-0.0277713506269
-35.5033836041
0.0183407134604
-35.464063687
0.0647719592058
-35.4249727251
0.111546134842
-35.3861115098
0.158685463485
-35.3474833614
0.206194214047
-35.3090925288
0.25405906385
-35.2709456665
0.302262592129
-35.2330504193
0.350784259046
-35.1954153594
0.399602260862
-35.1580501744
0.448695740657
-35.1209627904
0.498046021392
-35.084157597
0.547636878953
-35.0476435173
0.597457882768
-35.0114353955
0.647504884756
-34.9755519236
0.697779793557
-34.9400187528
0.748288425592
-34.90485716
0.799039601266
-34.8700823849
0.850041399541
-34.835706975
0.901291487909
-34.8017473098
0.952772868723
-34.7682279735
1.00445959143
-34.7351794435
1.05632631165
-34.70261682
1.10835588075
-34.6705294104
1.16054210879
-34.6388903859
1.21288150297
-34.6076668091
1.26537135583
-34.5768311431
1.31800951765
-34.5463673653
1.3707955874
-34.5162581452
1.42373060712
-34.4864824441
1.47681944629
-34.4570162713
1.53007057196
-34.4278338061
1.58349503969
-34.3989082299
1.63710537322
-34.3702100479
1.69091265764
-34.341711205
1.74492468321
-34.3133941004
1.7991458688
-34.2852622577
1.85358123217
-34.2573373693
1.90823693083
-34.2296477027
1.96312143237
-34.2022102902
2.01824506237
-34.1750243316
2.07361562449
-34.1480804486
2.12923242804
-34.1213637122
2.1850775659
-34.0948582881
2.24111294228
-34.0685494758
2.29728709793
-34.0424203121
2.35354686215
-34.0164496999
2.40984977384
-33.9906328008
2.46616775574
-33.9649898288
2.52247892824
-33.9395539043
2.57876631282
-33.9143589295
2.63501679498
-33.8894274633
2.69122008703
-33.8647660432
2.74736859638
-33.8403748632
2.80346140144
-33.8162512517
2.85950200872
-33.7923922461
2.91549484426
-33.7687969204
2.97144173526
-33.7454689858
3.02733851406
-33.7224188508
3.08317480316
-33.699661084
3.13893552872
-33.6772100918
3.19460270277
-33.6550659489
3.25015413797
-33.6332060388
3.30556519004
-33.6115851053
3.36080984354
-33.5901443565
3.41586336302
-33.5688266641
3.47070656787
-33.5475812571
3.52532867812
-33.5263633143
3.57973572419
-33.5051303762
3.63395354028
-33.4838413631
3.68802096027
-33.4624596356
3.74197882087
-33.4409706202
3.79586185441
-33.419388748
3.84969482556
-33.3977447485
3.90349819568
-33.3760725743
3.9572874375
-33.3543963051
4.01107209036
-33.3327245169
4.06485390032
-33.3110622226
4.11862574004
-33.2894161582
4.1723697313
-33.2677952747
4.22606164727
-33.246209699
4.27967697219
-33.2246699788
4.33319706999
-33.2031874977
4.38661639545
-33.1817708671
4.43995086422
-33.1604201501
4.4932335278
-33.1391211021
4.54650448337
-33.1178469998
4.59980115772
-33.0965678827
4.65314715531
-33.0752650192
4.70654686789
-33.053933008
4.75999260691
-33.0325678629
4.81346937921
-33.0111655568
4.86696091875
-32.989722223
4.92045574552
-32.9682345848
4.97395268344
-32.9467044238
5.02745907772
-32.9251395931
5.08098912365
-32.903535062
5.13456001233
-32.8818632597
5.18819006629
-32.8600853205
5.24189780526
-32.8381635334
5.29569964053
-32.8160721848
5.3496094535
-32.7938001748
5.4036402465
-32.7713405612
5.4578042449
-32.7486873674
5.51211477462
-32.7258305302
5.56659063958
-32.7027515748
5.62125926992
-32.6794234525
5.67615291507
-32.6558110627
5.73130125821
-32.6318782542
5.78671792933
-32.6075947934
5.84239702974
-32.5829393651
5.89832115105
-32.5579023752
5.95447094135
-32.5324828351
6.01083427531
-32.5066798204
6.06740918552
-32.4804920688
6.12419469627
-32.4539161986
6.18118951084
-32.4269396713
6.23838774743
-32.3995472058
6.2957774386
-32.3717290043
6.35334017783
-32.3434849764
6.41105787408
-32.3148329425
6.46891433779
-32.2858036129
6.52689699522
-32.2564249508
6.58499860896
-32.2267222803
6.64321675674
-32.1967172917
6.7015546715
-32.1664290248
6.76002157498
-32.1358766486
6.81863159411
-32.1050744739
6.87740031631
-32.0740116551
6.93634038132
-32.0426625843
6.99545439319
-32.0110024431
7.05472872257
-31.9790183018
7.1141339824
-31.9467180493
7.17362316358
-31.9141265083
7.23313994961
-31.8812721067
7.29263114
-31.848184218
7.35205389343
-31.8148907013
7.41138142368
-31.7814144886
7.4706064605
-31.7477702941
7.52973700564
-31.7139605024
7.58879859487
-31.6799799123
7.6478261339
-31.6458268606
7.70685771895
-31.6115009019
7.76592606056
-31.5769984761
7.82505222369
-31.542308487
7.8842386091
-31.5074054594
7.94346857647
-31.4722505816
8.00271295825
-31.4368070456
8.06193247003
-31.4010389406
8.1210831664
-31.3649116503
8.18012002252
-31.3283930053
8.23899783825
-31.2914533979
8.29767240247
-31.254071745
8.35610490715
-31.2162613616
8.41425907929
-31.1780640149
8.4720974905
-31.1395336545
8.52958503494
-31.100719998
8.58669280479
-31.0616524458
8.64340682829
-31.0223361529
8.69972910498
-30.9827579627
8.75566981873
-30.9428900424
8.81123878954
-30.9026995533
8.8664371032
-30.8621580117
8.92125283385
-30.8212507278
8.97566494853
-30.7799887766
9.02964091004
-30.7384091776
9.08314309294
-30.696561437
9.13613390153
-30.6544936235
9.18858019349
-30.6122384136
9.24045478125
-30.5697991921
9.29173888453
-30.5271533248
9.34242440717
-30.4842745182
9.3925086126
-30.4411342176
9.44198954478
-30.3977035565
9.49086061067
-30.3539536981
9.53910704694
-30.3098552481
9.58670426897
-30.2653839982
9.63362722993
-30.2205392108
9.67985192748
-30.1753309359
9.72535755211
-30.1297650603
9.77012997881
-30.0838327992
9.81415842931
-30.0374942227
9.85743900185
-29.990674606
9.89998503738
-29.9432953905
9.94181576002
-29.8952996689
9.98294659916
-29.8466698466
10.0233816525
-29.7974140991
10.0631232192
-29.7475560392
10.1021702399
-29.6971276956
10.1405116153
-29.6461536526
10.1781259688
-29.5946380133
10.214980535
-29.5425580328
10.2510374119
-29.4898702448
10.2862663784
-29.4365411135
10.3206500528
-29.3825654416
10.3541866497
-29.3279559016
10.3868827643
-29.2727205123
10.4187495071
-29.2168587591
10.4498191439
-29.160364588
10.4801700772
-29.1032265858
10.5098704463
-29.0454243842
10.5389513586
-28.9869207187
10.567435022
-28.9276503497
10.5953339114
-28.8675408066
10.6226543815
-28.8065233198
10.6493999443
-28.7445494777
10.6755745467
-28.6816177301
10.7011787554
-28.6177795132
10.7261991057
-28.5531144431
10.7506168073
-28.4877085506
10.7744166243
-28.4216285698
10.7975944377
-28.3549228225
10.8201475613
-28.2876275813
10.8420761519
-28.2197587009
10.863389861
-28.1513175019
10.8841089841
-28.0822968428
10.9042641462
-28.012691437
10.9238907989
-27.9424555017
10.9430174819
-27.8714768287
10.9616617427
-27.7996751445
10.9798260199
-27.7269977802
10.9975026185
-27.6534457643
11.0146801814
-27.5790528988
11.0313330803
-27.503869516
11.0474025252
-27.4279518491
11.0628584749
-27.351352293
11.077719988
-27.2741099472
11.0920138207
-27.1962463774
11.1057730059
-27.1177798323
11.1190345309
-27.0387494958
11.1318370123
-26.9592085507
11.1442112774
-26.8792023817
11.1561657278
-26.7987061884
11.1676937315
-26.7176172449
11.1787845134
-26.6358323828
11.1894334525
-26.553247215
11.1996334497
-26.4697798096
11.2093766229
-26.3853668907
11.2186585219
-26.2999636844
11.2274822226
-26.2135378431
11.2358609509
-26.126070755
11.2437933583
-26.0375738285
11.2512454376
-25.9481373102
11.2581936473
-25.8579306958
11.2646262179
-25.7670925966
11.2705348367
-25.675736583
11.2759204044
-25.5839248907
11.2807766137
-25.4916791249
11.2850646384
-25.3989604768
11.2887570075
-25.3057190666
11.291856116
-25.2119570162
11.2943605222
-25.1177092036
11.296258204
-25.0230215884
11.2975277611
-24.927933381
11.2981418256
-24.8324591464
11.2980704726
-24.7365926211
11.2972916239
-24.64032539
11.2957941678
-24.5437091131
11.2935658595
-24.4468581494
11.2905903128
-24.3498697278
11.2868469912
-24.2528282474
11.282328447
-24.1557750098
11.2770472309
-24.0587003644
11.2710276338
-23.961562988
11.2642876371
-23.8643331949
11.2568354532
-23.7670054024
11.2486855912
-23.6696270669
11.2398738673
-23.5723052068
11.230418145
-23.4751070355
11.2203208929
-23.378073718
11.209583801
-23.2812033442
11.1982011292
-23.18447786
11.1861673888
-23.0878885195
11.1735019001
-22.9914774137
11.1602041972
-22.895307072
11.1462353767
-22.7994207738
11.1315630058
-22.7038694962
11.1161733749
-22.6087070814
11.1000670194
-22.5139631733
11.0832528558
-22.4196532796
11.0657424209
-22.3258023258
11.0475442115
-22.2324879773
11.0286704727
-22.1398263964
11.0091352015
-22.0478846753
10.9889478316
-21.956706881
10.9681098106
-21.8663131006
10.9466111766
-21.7767237665
10.924427135
-21.687988117
10.9015272511
-21.6001906296
10.8778908005
-21.5134273215
10.8535255383
-21.4277803447
10.8284820303
-21.343246293
10.8028091273
-21.2597166399
10.7765445268
-21.1770903379
10.7497145104
-21.0952567299
10.7222447315
-21.0141405759
10.6940239754
-20.9337176117
10.6650267179
-20.8540294369
10.6352674533
-20.7751386752
10.6047703482
-20.6970739061
10.5735606396
-20.6198412236
10.5416637286
-20.5434352177
10.5090948278
-20.4678526048
10.4758499399
-20.3931049585
10.4419109436
-20.3192012232
10.4072536743
-20.2461243088
10.3718685077
-20.1737892292
10.3357741861
-20.1020631552
10.2990231275
-20.0308627036
10.2616837332
-19.9601365801
10.2238204657
-19.8898753818
10.1854802124
-19.8201133152
10.1466912981
-19.7509056744
10.1074723226
-19.682284466
10.067830042
-19.6142440594
10.0277473719
-19.5467637796
9.98717797893
-19.4798372622
9.9460871962
-19.4134807834
9.90445585636
-19.3477227938
9.86227538798
-19.2826109018
9.81963833791
-19.2181914777
9.77668462422
-19.154475056
9.73348218179
-19.0914111484
9.69006292824
-19.028926866
9.64644618222
-18.9669759661
9.6026409131
-18.9055177323
9.55864183233
-18.8445067742
9.51444152928
-18.7839010404
9.47004569315
-18.7236682593
9.42547355105
-18.6637915483
9.38075368772
-18.6042713336
9.33590723998
-18.5451249971
9.29093987637
-18.4863821682
9.24583853725
-18.4280743904
9.20058255015
-18.3702245145
9.1551528318
-18.3128381563
9.10953694464
-18.2558882949
9.06372378214
-18.1993185227
9.01769209569
-18.1430758219
8.97141835041
-18.0871196207
8.92487642055
-18.0314200268
8.878043264
-17.9759647511
8.83091043731
-17.9207638087
8.78349019926
-17.865867235
8.7358967533
-17.811349483
8.6882745982
-17.75727952
8.64066861753
-17.7037252051
8.59307557204
-17.650753429
8.545480817
-17.598424175
8.49786755052
-17.5467849729
8.45022593839
-17.4958684213
8.4025628626
-17.4456988839
8.35490844299
-17.3962945421
8.30730827086
-17.3476686683
8.25981249723
-17.2998305476
8.21246643998
-17.2527858512
8.16530110157
-17.2065334662
8.11832059998
-17.1610644189
8.07151195803
-17.1163647189
8.02485712137
-17.0724207808
7.97833994245
-17.0292240536
7.93195102453
-16.9867740036
7.88569028798
-16.9450786078
7.83956569728
-16.9041476319
7.79358625577
-16.8639893432
7.74775937725
-16.8246075585
7.70208937381
-16.7859990709
7.6565723867
-16.7481526944
7.6111913471
-16.7110352793
7.56583536065
-16.6746061653
7.52036397494
-16.6388357203
7.4747245972
-16.6036988866
7.4289066751
-16.5691738692
7.3829130837
-16.5352456131
7.33675559679
-16.5019057556
7.29044966151
-16.4691492782
7.24400512623
-16.4369718966
7.19741408277
-16.4053693897
7.15065338398
-16.3743377457
7.1036916801
-16.3438732345
7.05649663105
-16.3139728578
7.00904233105
-16.2846308018
6.9613184557
-16.2558388623
6.91332484544
-16.2275904592
6.86506843206
-16.1998825883
6.81656431072
-16.1727158975
6.76783441432
-16.1460894744
6.7189027134
-16.119999092
6.66979254444
-16.094439966
6.62052640682
-16.0694053843
6.57112141362
-16.0448859721
6.52158501232
-16.0208717028
6.47191900061
-15.9973518193
6.42212224602
-15.9743078046
6.37219074604
-15.9517134253
6.32212025307
-15.9295427747
6.27191220821
-15.9077706294
6.22157054273
-15.886373291
6.17110090011
-15.8653287084
6.12051008684
-15.8446150846
6.06980531421
-15.824214958
6.0189936687
-15.8041137898
5.9680821731
-15.7842977926
5.91707810175
-15.7647521111
5.8659877768
-15.7454594927
5.81481540103
-15.726399686
5.76356344382
-15.7075511168
5.71223328462
-15.6888830455
5.66082510123
-15.6703562053
5.60933549359
-15.6519262289
5.55775709425
-15.6335489497
5.50608057655
-15.6151913065
5.45430034331
-15.5968382507
5.40241847583
-15.5784810592
5.35044169364
-15.5601140412
5.29838182366
-15.5417317287
5.24625536383
-15.5233239119
5.1940796948
-15.504872778
5.14187102569
-15.4863594928
5.08964653044
-15.4677704005
5.03742758987
-15.449091818
4.98523504212
-15.430309115
4.93308637692
-15.4114059663
4.88099302615
-15.3923674563
4.82895824593
-15.3731896593
4.77697733838
-15.3538786076
4.7250404775
-15.3344432113
4.67313690682
-15.314892844
4.62125853573
-15.2952366385
4.56940325928
-15.2754824046
4.51757806562
-15.2556396229
4.46579997886
-15.235723465
4.41409407198
-15.2157635492
4.36248974503
-15.195799257
4.31101781255
-15.1758702776
4.25970945393
-15.1560137187
4.20859691147
-15.1362583217
4.15771159899
-15.1166172229
4.10708055193
-15.097097008
4.05672839107
-15.0776983711
4.00667577674
-15.05841532
3.95693738239
-15.0392353139
3.9075196875
-15.0201462574
3.85841902042
-15.0011366463
3.80962211065
-14.9821901563
3.76110510578
-14.9632902418
3.71284015765
-14.9444204498
3.66480006455
-14.9255648896
3.61696271191
-14.9067094294
3.56931413447
-14.8878376315
3.52184508557
-14.8689320867
3.4745478911
-14.84998021
3.4274156821
-14.8309753693
3.38044222868
-14.8119163046
3.33362205034
-14.7928065095
3.28695052641
-14.7736511008
3.24042439118
-14.754463199
3.19404290821
-14.7352605783
3.14780840728
-14.7160610935
3.10172685103
-14.6968809686
3.05580710639
-14.6777265228
3.01005846829
-14.6585915341
2.96449137711
-14.6394690206
2.9191214516
-14.6203535197
2.873969185
-14.6012419146
2.82905916063
-14.5821342605
2.78441926747
-14.56303368
2.74008009646
-14.5439393035
2.69607272536
-14.5248459128
2.652423181
-14.5057486708
2.60915389318
-14.4866429661
2.56628301001
-14.4675240867
2.52382361698
-14.4483865672
2.4817830612
-14.4292198732
2.44016340843
-14.410007754
2.39896643161
-14.3907338658
2.35819646208
-14.3713829675
2.3178605541
-14.3519404068
2.27796890342
-14.3323914449
2.23853000841
-14.3127209406
2.19954659039
-14.2929110327
2.16101557726
-14.2729307759
2.12292946922
-14.2527391568
2.0852785458
-14.2322926802
2.04805126249
-14.2115515886
2.01123595917
-14.1904855188
1.97482301956
-14.169076074
1.93880269493
-14.1473068322
1.90316117249
-14.1251626857
1.86788354654
-14.1026306321
1.83295727033
-14.0797005818
1.79837610391
-14.0563661997
1.76414639143
-14.0326256204
1.7302896257
-14.0084795211
1.69684219599
-13.9839253386
1.66384516583
-13.9589578007
1.63133994016
-13.9335697302
1.59936436211
-13.9077528454
1.56794888031
-13.8814983786
1.53711866656
-13.8547976777
1.50689503953
-13.8276385388
1.47729450538
-13.80000596
1.44832495142
-13.7718827239
1.4199690393
-13.743251371
1.39219235188
-13.714096211
1.3649551293
-13.6844050846
1.33822024529
-13.6541710686
1.31196283419
-13.6233942456
1.2861765017
-13.5920840451
1.26085531146
-13.5602554565
1.2359886951
-13.5279244011
1.21156047615
-13.49510313
1.18755141948
-13.4617960729
1.16394169625
-13.4279958587
1.14071078286
-13.3936594501
1.11783735983
-13.3586495072
1.09529871472
-13.3229149264
1.07306917693
-13.2864224048
1.05112463085
-13.2491525521
1.02944478906
-13.2110979451
1.00801764494
-13.1722597518
0.986840174322
-13.1326442539
0.965918703815
-13.0922657783
0.945263355484
-13.0511495288
0.924878290988
-13.0093262849
0.904760593358
-12.9668268545
0.884902442244
-12.9236767743
0.865295557272
-12.8798930512
0.845953445314
-12.8354793155
0.826913392292
-12.7903598262
0.808226253646
-12.7444470979
0.789937773259
-12.6977325049
0.772065388461
-12.6502182962
0.754590108668
-12.6019081604
0.737480615762
-12.5528051932
0.720702724389
-12.5029112973
0.704227803048
-12.4522272086
0.688040896751
-12.4007630399
0.672132807675
-12.3485457271
0.656493131987
-12.2956406875
0.641109660997
-12.2422082342
0.625967782311
-12.1883207808
0.61104851949
-12.1340295035
0.596326639675
-12.0793668796
0.581775474174
-12.024314457
0.567342801879
-11.9688041398
0.552947665412
-11.9127875654
0.53852845376
-11.8562653604
0.524068082474
-11.7992438286
0.509564148773
-11.7417305891
0.495024927529
-11.6837317368
0.480468778607
-11.6252508831
0.465936078171
-11.5662863036
0.451476396277
-11.5068255013
0.43713208531
-11.4469253832
0.42292972144
-11.3866657002
0.408879940575
-11.3260593626
0.394983677182
-11.2651034622
0.38125233615
-11.20378537
0.367706873357
-11.1420902402
0.354372301297
-11.0800084866
0.341268669129
-11.0175427343
0.328402341184
-10.9547076842
0.315773317464
-10.891551356
0.303381597968
-10.828215076
0.291227182696
-10.7647543525
0.279310071648
-10.7012093194
0.267630264824
-10.6376106477
0.25618669036
-10.573983508
0.244973758244
-10.5103849147
0.234007046157
-10.4469091179
0.223328052584
-10.3836178514
0.212963536619
-10.3205044914
0.202911863615
-10.2575387812
0.193174758802
-10.1946803324
0.183755347169
-10.131890609
0.174652776436
-10.0691406106
0.165844293512
-10.006415674
0.157286817267
-9.94380138769
0.148926875866
-9.88141223973
0.140718938584
-9.81927481894
0.132646610896
-9.7573903873
0.124728856989
-9.69575618753
0.116994415302
-9.63436954308
0.109470864346
-9.57323206066
0.102178253283
-9.51235076787
0.0951229464443
-9.45172601107
0.0883049438294
-9.39133901957
0.0817242454385
-9.33112686297
0.0753808512716
-9.27092433609
0.0692747613287
-9.21063978716
0.0634059756099
-9.15018176932
0.0577744941151
-9.08948149444
0.0523803168442
-9.02854320756
0.0472488249349
-8.96743342367
0.0424348957681
-8.90620652851
0.0379757515866
-8.84487201885
0.0338667105553
-8.7834343975
0.0300919629065
-8.72189411162
0.0266295062125
-8.66024489733
0.0234549148591
-8.59848110097
0.0205451095182
-8.53661421191
0.017882126621
-8.47469227255
0.0154568878305
-8.41270122967
0.0132689532641
-8.35059662535
0.0113178802294
-8.28839382949
0.00959171869585
-8.22611291797
0.00806693971737
-8.16377249703
0.00671480485458
-8.1013887693
0.00550773559633
-8.03897316604
0.00442568278148
-7.97652570007
0.00346228207864
-7.91403800586
0.00261753348781
-7.85149488744
0.00189143700899
-7.7888656489
0.00128399264217
-7.72606904442
0.000795200387362
-7.66302952842
0.000425060244563
-7.59974495873
0.000173572213772
-7.53624042562
4.07362949844e-05
-7.47249634801
1.1713507746e-06
-7.40844927862
-3.5527136788e-14
-7.34405542851
-3.5527136788e-14
-7.27931969014
-3.5527136788e-14
-7.21424768076
-3.5527136788e-14
-7.14883470302
-3.5527136788e-14
-7.0830937377
-3.5527136788e-14
-7.0170695042
-3.5527136788e-14
-6.95081208312
-3.5527136788e-14
-6.88434210096
-3.5527136788e-14
-6.81765624754
-3.5527136788e-14
-6.75075049655
-3.5527136788e-14
-6.68362236563
-3.5527136788e-14
-6.61624815769
-3.5527136788e-14
-6.54858487259
-3.5527136788e-14
-6.48059638507
-3.5527136788e-14
-6.41226675321
-3.5527136788e-14
-6.34359067319
-3.5527136788e-14
-6.27457644692
-3.5527136788e-14
-6.20524757329
-3.5527136788e-14
-6.13564888368
-3.5527136788e-14
-6.06588401697
-3.5527136788e-14
-5.99603629732
-3.5527136788e-14
-5.92610440002
-3.5527136788e-14
-5.85606917318
-3.5527136788e-14
-5.78593850623
-3.5527136788e-14
-5.71572266604
-3.5527136788e-14
-5.64543717556
-3.5527136788e-14
-5.57510563272
-3.5527136788e-14
-5.50476666946
-3.5527136788e-14
-5.43447740453
-3.5527136788e-14
-5.36426208187
-3.5527136788e-14
-5.29409008293
-3.5527136788e-14
-5.22390899328
-3.5527136788e-14
-5.15367118506
-3.5527136788e-14
-5.08334081439
-3.5527136788e-14
-5.01289478989
-3.5527136788e-14
-4.94232471902
-3.5527136788e-14
-4.87165005905
-3.5527136788e-14
-4.80091163652
-3.5527136788e-14
-4.73014224415
-3.5527136788e-14
-4.6593540108
-3.5527136788e-14
-4.58855403654
-3.5527136788e-14
-4.51775096642
-3.5527136788e-14
-4.44696756321
-3.5527136788e-14
-4.37627966068
-3.5527136788e-14
-4.30576402716
-3.5527136788e-14
-4.23546217868
-3.5527136788e-14
-4.16539107547
-3.5527136788e-14
-4.09553718903
-3.5527136788e-14
-4.02586203294
-3.5527136788e-14
-3.9563317161
-3.5527136788e-14
-3.88692075037
-3.5527136788e-14
-3.81762568608
-3.5527136788e-14
-3.74847306013
-3.5527136788e-14
-3.67948972569
-3.5527136788e-14
-3.61069925263
-3.5527136788e-14
-3.54213616088
-3.5527136788e-14
-3.47382751537
-3.5527136788e-14
-3.40578755553
-3.5527136788e-14
-3.33803146564
-3.5527136788e-14
-3.27057953466
-3.5527136788e-14
-3.2034691403
-3.5527136788e-14
-3.13675186674
-3.5527136788e-14
-3.0704627608
-3.5527136788e-14
-3.00458292627
-3.5527136788e-14
-2.93906600037
-3.5527136788e-14
-2.87386729795
-3.5527136788e-14
-2.80893951951
-3.5527136788e-14
-2.74422520282
-3.5527136788e-14
-2.67963273614
-3.5527136788e-14
-2.6151285767
-3.5527136788e-14
-2.55078582405
-3.5527136788e-14
-2.48671528356
-3.5527136788e-14
-2.4229974652
-3.5527136788e-14
-2.35968159199
-3.5527136788e-14
-2.2967950149
-3.5527136788e-14
-2.2343501569
-3.5527136788e-14
-2.172341601
-3.5527136788e-14
-2.11074900148
-3.5527136788e-14
-2.04958483297
-3.5527136788e-14
-1.98890373021
-3.5527136788e-14
-1.92875145341
-3.5527136788e-14
-1.8691567686
-3.5527136788e-14
-1.81014126966
-3.5527136788e-14
-1.75171897304
-3.5527136788e-14
-1.69389591236
-3.5527136788e-14
-1.63666190894
-3.5527136788e-14
-1.57999673208
-3.5527136788e-14
-1.52390222728
-3.5527136788e-14
-1.468437786
-3.5527136788e-14
-1.41368990922
-3.5527136788e-14
-1.35974103596
-3.5527136788e-14
-1.30667180799
-3.5527136788e-14
-1.25456036299
-3.5527136788e-14
-1.20347168573
-3.5527136788e-14
-1.15295192079
-3.19744231092e-14
-1.10307065648
-2.84217094304e-14
-1.05380686828
-2.48689957516e-14
-1.0051350311
-2.13162820728e-14
-0.957023900811
-2.13162820728e-14
-0.909426105964
-2.13162820728e-14
-0.862260493072
-2.13162820728e-14
-0.815440488499
-2.13162820728e-14
-0.768919229861
-2.13162820728e-14
-0.722844641098
-2.13162820728e-14
-0.677448830734
-2.13162820728e-14
-0.633003971193
-2.13162820728e-14
-0.589775312643
-2.13162820728e-14
-0.547859950673
-2.48689957516e-14
-0.5072903767
-2.13162820728e-14
-0.46810030894
-2.48689957516e-14
-0.430321637843
-2.13162820728e-14
-0.39398184788
-1.7763568394e-14
-0.359108098738
-7.1054273576e-15
-0.325728041044
-3.5527136788e-15
-0.293868678797
0
-0.263555231808
3.5527136788e-15
-0.234809998132
7.1054273576e-15
-0.207651216506
1.06581410364e-14
-0.172243241058
0
-0.138875136707
-3.5527136788e-15
-0.107737178297
-3.5527136788e-15
-0.0798964308784
-7.1054273576e-15
-0.0574161214593
0
-0.0411634222584
7.1054273576e-15
-0.0290133643396
1.06581410364e-14
-0.0190285698596
7.1054273576e-15
-0.0111057014116
7.1054273576e-15
-0.00527389376965
3.5527136788e-15
-0.00156228170776
0
0
0
