2
1000
-40.7514450867
0.867052023121
-40.7614523386
0.866612452909
-40.7711777792
0.865548378177
-40.7806157696
0.863844284641
-40.7897606707
0.861484658015
-40.7986068438
0.858453984013
-40.8071486499
0.85473674835
-40.8153804502
0.850317436741
-40.8232966056
0.845180534899
-40.8308914773
0.839310528539
-40.8381594264
0.832691903375
-40.845094814
0.825309145123
-40.8516920011
0.817146739497
-40.8590619205
0.810742671668
-40.866255487
0.803937122047
-40.8732734256
0.796730954023
-40.8801165176
0.789125186131
-40.8867856009
0.781120992048
-40.8932816337
0.772711916811
-40.899605816
0.763872063003
-40.9057595937
0.754560840573
-40.9117446597
0.74472808505
-40.9175629546
0.734319175754
-40.9232166687
0.723280154006
-40.9287082424
0.711562841349
-40.9340403676
0.699128955719
-40.9392159891
0.685944865846
-40.9442383053
0.671979182447
-40.9491107698
0.657201884581
-40.9538370922
0.641583445994
-40.9584212394
0.62509396147
-40.9628674367
0.607702273177
-40.9671801691
0.589375097015
-40.9713641823
0.570076073466
-40.9754244838
0.549765134017
-40.9793663442
0.528399496537
-40.9831952984
0.505934848965
-40.9869171464
0.482326532998
-40.9904747186
0.457385028715
-40.9938708611
0.431060093268
-40.9971086325
0.403304917537
-41.000191305
0.374075013866
-41.0031223654
0.343326104635
-41.0059054525
0.311019794632
-41.0085442364
0.277133273441
-41.0110424161
0.241652454203
-41.0134037194
0.204561240304
-41.0156319028
0.165834666641
-41.0177307516
0.125439954146
-41.0197040799
0.0833375993422
-41.0215557305
0.0394834659241
-41.0232895751
-0.00615976187262
-41.0249095141
-0.0536152700837
-41.0264194765
-0.102895933282
-41.0278234204
-0.154007755452
-41.0291253323
-0.206952615957
-41.0303292279
-0.261731015504
-41.0314391512
-0.318344822114
-41.0324591754
-0.376799891684
-41.0333934021
-0.437106128222
-41.034245962
-0.499275728337
-41.0350210143
-0.563321555054
-41.0357227471
-0.629255511631
-41.0363553773
-0.697087119054
-41.0369231505
-0.766826014992
-41.0374303411
-0.838484571307
-41.0378812523
-0.912076964215
-41.0382801519
-0.987609461506
-41.0386311511
-1.06506621953
-41.0389382004
-1.14440821116
-41.0392050888
-1.22557900582
-41.039435442
-1.30850882321
-41.039632722
-1.39312246144
-41.0398002252
-1.4793570138
-41.0399410819
-1.56718190686
-41.0400582549
-1.65658899583
-41.0401545381
-1.74758259215
-41.0402325557
-1.8401697188
-41.040294761
-1.93434413389
-41.040343435
-2.03009145415
-41.0403806857
-2.12739073968
-41.0404084463
-2.22621438156
-41.0404284747
-2.32652791391
-41.040431973
-2.4282883778
-41.0403722161
-2.53144078539
-41.0401828025
-2.63592211259
-41.0397997209
-2.7416658498
-41.0391834161
-2.8486065526
-41.0383302419
-2.95668415206
-41.0372406947
-3.06584407308
-41.0359150864
-3.17603456244
-41.0343535428
-3.28720390606
-41.0325560666
-3.39930543003
-41.0305226579
-3.51230665317
-41.0282533167
-3.6261855527
-41.0257480429
-3.74091861169
-41.0230068367
-3.85647108814
-41.0200296979
-3.97279519732
-41.0168166266
-4.08982670184
-41.0133676227
-4.20747802875
-41.0096826864
-4.32565847827
-41.0057618175
-4.44429304154
-41.0016050161
-4.56333009097
-40.9972122822
-4.68274608731
-40.9925836157
-4.80253027352
-40.9877190167
-4.92267596395
-40.9826184852
-5.04317536559
-40.9772820212
-5.16401387039
-40.9717200036
-5.2851687216
-40.9659805346
-5.40661589708
-40.9601069765
-5.52832965138
-40.954108437
-5.65028285797
-40.9479579894
-5.77245049568
-40.9416015062
-5.89480927284
-40.9350097119
-6.01733776497
-40.928181985
-6.1400188968
-40.9211183256
-6.26284125174
-40.9138187337
-6.38580280472
-40.9062832093
-6.50891847199
-40.8984972927
-6.63222190998
-40.8904049304
-6.75576679741
-40.881932608
-6.87961967526
-40.8730162278
-7.00384278571
-40.8636279864
-7.12847333947
-40.8537678799
-7.25353761045
-40.8434359084
-7.37906061811
-40.8326320718
-7.50505807367
-40.8213563702
-7.63153455596
-40.8096088036
-7.75847255452
-40.7973893719
-7.88584882001
-40.7846980751
-8.0136399885
-40.7715349133
-8.14182605211
-40.7579102655
-8.27039612044
-40.7438722599
-8.39934378795
-40.7294885486
-8.52866161077
-40.7148484497
-8.65834867882
-40.7000483291
-8.78841688865
-40.6851598576
-8.91889413116
-40.6702414892
-9.04986037085
-40.6553224994
-9.18142211214
-40.6403986954
-9.31363122559
-40.6254269277
-9.44649813761
-40.6103373281
-9.58001446217
-40.5950555134
-9.71416272328
-40.5795373111
-9.84892922144
-40.5637805081
-9.98430872404
-40.5477984224
-10.1203016225
-40.5316020042
-10.2569124341
-40.5151819355
-10.3941527784
-40.4985259344
-10.5320136294
-40.4816340007
-10.6704549428
-40.4645061346
-10.8094205495
-40.4471423358
-10.9488530144
-40.4295426046
-11.0887172363
-40.4117069409
-11.2289936698
-40.3936158227
-11.3696744239
-40.3752171843
-11.5107571845
-40.3564350158
-11.6522408198
-40.3371611021
-11.7941285224
-40.3173165675
-11.9364317174
-40.2968892168
-12.0791607829
-40.2759059766
-12.2223097435
-40.2544209745
-12.3658504942
-40.2324634859
-12.5096987891
-40.2100341323
-12.6537431779
-40.1871377278
-12.7979362291
-40.163817422
-12.9423045656
-40.1401430831
-13.0869016684
-40.1162035538
-13.2317610191
-40.0921135199
-13.376852551
-40.0680047624
-13.522091463
-40.0440015754
-13.6673681494
-40.02018491
-13.8125678885
-39.996591891
-13.9575762845
-39.9732348046
-14.1022917984
-39.9501136507
-14.2466417797
-39.9272284293
-14.3905883161
-39.9045791405
-14.5341259082
-39.8821657842
-14.6772553751
-39.8599883604
-14.8199701959
-39.838066391
-14.9622517532
-39.8164519418
-15.1040705346
-39.7952106437
-15.2453972699
-39.7744025836
-15.3862076052
-39.7540390113
-15.5264731225
-39.7340670671
-15.6661557086
-39.7144194061
-15.8052079523
-39.6950375746
-15.9435355678
-39.6758922971
-16.0810190763
-39.6569877662
-16.2175880528
-39.6383671315
-16.3531971846
-39.6201002614
-16.4877798022
-39.6022615388
-16.6212559609
-39.5848951363
-16.75355183
-39.5680032671
-16.8846327878
-39.5515726131
-17.0144987016
-39.5355922242
-17.1431698324
-39.5200714181
-17.2706837262
-39.5050224771
-17.3971051
-39.4904454012
-17.5225157621
-39.4763401903
-17.6469852783
-39.4627068444
-17.7705542128
-39.4495453636
-17.8932291752
-39.4368557478
-18.0150010582
-39.424657519
-18.1358568543
-39.4130027429
-18.2557912072
-39.4019570504
-18.3748111305
-39.3915801887
-18.4929274246
-39.3818938945
-18.610152105
-39.3728711211
-18.726504673
-39.3644702557
-18.8420201521
-39.3566430868
-18.956747535
-39.3493396835
-19.0707758568
-39.3425132754
-19.1842002546
-39.336113885
-19.2970320343
-39.33004779
-19.4091915612
-39.3241907439
-19.5205567428
-39.3184118945
-19.631010417
-39.3125957633
-19.7404846855
-39.3066285749
-19.8489527338
-39.3003976759
-19.9564072369
-39.2938022271
-20.0628499838
-39.2867638962
-20.1682815024
-39.2792368353
-20.2726919901
-39.2711927831
-20.3760704731
-39.2626072429
-20.4784158127
-39.2534582716
-20.5797378021
-39.2437252691
-20.6800580291
-39.2333877678
-20.7794113192
-39.2224046998
-20.8778404288
-39.2107001645
-20.9753842555
-39.1981811965
-21.0720700332
-39.1847560009
-21.167905538
-39.1703634807
-21.2628809022
-39.1549833534
-21.3569737981
-39.1386032235
-21.450146495
-39.1212119036
-21.5423525286
-39.102795824
-21.6335458597
-39.0833354424
-21.723692218
-39.0628080862
-21.8127823351
-39.0411962579
-21.9008545608
-39.0184873205
-21.9879734151
-38.9946730719
-22.0741980602
-38.9697493199
-22.1595468951
-38.9437154155
-22.244007577
-38.9165712253
-22.3275600082
-38.8883138414
-22.4101844349
-38.8589353113
-22.4918668425
-38.8284209133
-22.572603109
-38.7967509497
-22.6523944612
-38.7639017273
-22.7312416592
-38.7298462129
-22.8091403919
-38.6945546882
-22.8860772656
-38.6579954053
-22.9620258049
-38.6201356644
-23.0369490905
-38.5809438946
-23.1108120231
-38.5403912777
-23.1835839603
-38.4984659949
-23.2552412246
-38.4551787626
-23.3257639828
-38.4105585978
-23.3951321642
-38.364646638
-23.4633277383
-38.3174899612
-23.5303369702
-38.2691355041
-23.5961538401
-38.2196304748
-23.6607868989
-38.1690277509
-23.724254804
-38.1173826248
-23.7865824017
-38.0647494392
-23.8477968348
-38.0111782225
-23.9079256369
-37.9567113241
-23.9669995481
-37.9013794943
-24.02504776
-37.8452004737
-24.0820891266
-37.7881798601
-24.1381272751
-37.7303115694
-24.1931473437
-37.6715818154
-24.2471100331
-37.6119722769
-24.2999539943
-37.5514629386
-24.3516043354
-37.4900349333
-24.4019813614
-37.4276721918
-24.4510087226
-37.3643603789
-24.4986215624
-37.3000894778
-24.5447711238
-37.2348557391
-24.5894230652
-37.1686640896
-24.6325647738
-37.1015192813
-24.6742036179
-37.0334226481
-24.7143597803
-36.9643743406
-24.7530645387
-36.8943767595
-24.7903585456
-36.8234379904
-24.8262901086
-36.7515751399
-24.8609105737
-36.6788111764
-24.8942640871
-36.6051668425
-24.926388002
-36.5306625532
-24.9572960615
-36.4553190689
-24.9869751247
-36.3791573735
-25.0153909504
-36.302198594
-25.0424939038
-36.2244670782
-25.0682213555
-36.1459937859
-25.0925039816
-36.066816646
-25.1152747682
-35.9869802975
-25.1364790942
-35.9065311909
-25.1560825
-35.825514021
-25.174062722
-35.7439718161
-25.1904074169
-35.6619460955
-25.205112091
-35.5794782165
-25.2181780292
-35.4966130148
-25.2296066826
-35.41339737
-25.2393877654
-35.3298792268
-25.2474963444
-35.2461066722
-25.25389049
-35.162125651
-25.2585181027
-35.077981983
-25.2613258606
-34.9937223786
-25.2622643732
-34.9093931155
-25.2612910602
-34.8250389537
-25.2583692716
-34.7407019869
-25.2534598502
-34.6564209733
-25.2465204151
-34.5722306421
-25.2375060096
-34.4881596656
-25.2263864256
-34.404229832
-25.2131498892
-34.3204431532
-25.1977909134
-34.2367819651
-25.1803049527
-34.153218458
-25.1606927187
-34.0697219305
-25.1389605953
-33.986266993
-25.1151183489
-33.902841772
-25.0891768392
-33.8194566482
-25.0611504955
-33.7361331627
-25.0310589378
-33.6528955617
-24.9989215275
-33.5697716868
-24.9647545478
-33.4867965815
-24.9285683838
-33.4040124481
-24.8903682449
-33.3214691536
-24.8501613452
-33.239219898
-24.8079590243
-33.1573132496
-24.7637752567
-33.0757879657
-24.7176231543
-32.9946684056
-24.6695112208
-32.9139620956
-24.619437041
-32.8336584316
-24.5673832447
-32.7537218604
-24.5133160125
-32.6740817326
-24.4571916248
-32.5946446474
-24.3989626202
-32.5153068064
-24.338600284
-32.4359677052
-24.2761035697
-32.3565447532
-24.2114990334
-32.2770007538
-24.1448475412
-32.1973510646
-24.0762430366
-32.1176301204
-24.0057979983
-32.037882977
-23.93362986
-31.9581604149
-23.8598478614
-31.8785151635
-23.7845448978
-31.7989981953
-23.7077974319
-31.7196710006
-23.6296673461
-31.6406096769
-23.5502050363
-31.561889953
-23.4694547464
-31.4835777759
-23.3874556785
-31.4057254474
-23.3042423413
-31.3283682124
-23.2198447299
-31.2515248635
-23.1342845732
-31.1751757714
-23.0475687062
-31.0992419934
-22.9596884999
-31.0236098748
-22.8706285345
-30.9481581855
-22.7803775997
-30.8727849239
-22.6889405561
-30.7974381104
-22.5963510638
-30.7221111615
-22.5026713454
-30.646825341
-22.4079821944
-30.571627216
-22.3123592198
-30.4965849122
-22.2158627283
-30.4217964339
-22.1185434403
-30.3473814522
-22.0204429182
-30.2734512464
-21.9215947679
-30.2001210556
-21.822027805
-30.1275016873
-21.7217674554
-30.0556876366
-21.6208367263
-29.9847446718
-21.5192524106
-29.9147017147
-21.4170279942
-29.8455425362
-21.3141806687
-29.7772156017
-21.2107242717
-29.7096536544
-21.106657118
-29.6427834823
-21.0019495039
-29.5765105081
-20.8964866806
-29.5107275933
-20.7901265529
-29.4453371973
-20.6827971137
-29.3802745772
-20.5745030646
-29.3155342953
-20.4652872314
-29.2511648988
-20.355214915
-29.1872622637
-20.2443559165
-29.1239607682
-20.1327717656
-29.0613994054
-20.0205203209
-28.9997258366
-19.9076510937
-28.9390922397
-19.7942005687
-28.8796361111
-19.6801842513
-28.8214380021
-19.5655868864
-28.7644560083
-19.4503522483
-28.708559845
-19.3343919799
-28.6536200338
-19.2175988956
-28.5995062834
-19.0998433385
-28.5460866711
-18.9809912301
-28.493233427
-18.8609274271
-28.4408281306
-18.7395788441
-28.3887599228
-18.6169172133
-28.3369305595
-18.4929440436
-28.2852628539
-18.3676837464
-28.2337009685
-18.2411811853
-28.1822107669
-18.1135045369
-28.1308037379
-17.9847931898
-28.079519291
-17.8551721897
-28.0284203325
-17.724684848
-27.9776178416
-17.5933446867
-27.9272214309
-17.4611612973
-27.8773078113
-17.3281332904
-27.8278993758
-17.1942501717
-27.7789465817
-17.0594885035
-27.7303707564
-16.9238065119
-27.6820781056
-16.7871639713
-27.633961438
-16.6495255925
-27.5859027693
-16.5108633889
-27.5377988561
-16.3711608005
-27.4896012132
-16.2304090356
-27.4412740057
-16.088554938
-27.392725377
-15.9454704743
-27.3438993442
-15.8010941433
-27.2948056287
-15.6554777198
-27.2454591873
-15.5086962155
-27.1958979617
-15.3608155956
-27.1462023132
-15.2118703904
-27.0964869742
-15.061872517
-27.0468735934
-14.9108391609
-26.9974728812
-14.7588198787
-26.9483920187
-14.605963443
-26.8997219998
-14.4524662874
-26.8515326284
-14.2985030052
-26.8038633264
-14.144198774
-26.7566889996
-13.9896263962
-26.7099569847
-13.8348302873
-26.6635961688
-13.6798493677
-26.6175237785
-13.5247261801
-26.5716806204
-13.3694981484
-26.5260080874
-13.2141852762
-26.4804405063
-13.058770146
-26.4349140994
-12.9032234608
-26.3893994589
-12.7475357819
-26.3439444076
-12.5917429212
-26.2986356506
-12.4359330895
-26.2535601748
-12.2802666951
-26.2088275276
-12.1250074426
-26.1645025358
-11.9703841541
-26.120590403
-11.816521027
-26.0771019832
-11.6634948852
-26.0340405367
-11.5113394473
-25.9913895175
-11.3600670069
-25.9491148473
-11.2096792563
-25.9071670606
-11.0601638785
-25.8654819132
-10.9114875309
-25.8239573336
-10.76354858
-25.7824669859
-10.6162674384
-25.7408813187
-10.4696631692
-25.6990658197
-10.3238034643
-25.6569254513
-10.1787627708
-25.6144126769
-10.0346213883
-25.5715212227
-9.89145746612
-25.5282720508
-9.74934384805
-25.4846743272
-9.60835943696
-25.4407301763
-9.46858755635
-25.3964479896
-9.33013305678
-25.3518414467
-9.19310902234
-25.3069084527
-9.05762531428
-25.2616008296
-8.92378474195
-25.215887385
-8.79172771795
-25.1698031265
-8.66167832677
-25.1233523908
-8.53380426869
-25.0764770369
-8.40816926641
-25.0291153257
-8.2848106483
-24.981200954
-8.16376302131
-24.9326612045
-8.04508016553
-24.8834155888
-7.92883500626
-24.8333841595
-7.8151056357
-24.7824960374
-7.70396244088
-24.7306979386
-7.59545985098
-24.6779625715
-7.48962782859
-24.6242811022
-7.38644169833
-24.5696622631
-7.28583169348
-24.514143408
-7.18772806326
-24.4577577608
-7.09206115548
-24.4005296898
-6.99876264582
-24.3424801013
-6.90777569414
-24.2836318337
-6.81906510081
-24.2240123195
-6.73263362743
-24.163647721
-6.64854560379
-24.1025542964
-6.56689719649
-24.0407390372
-6.48778672014
-23.9781986167
-6.41128579268
-23.9149185436
-6.33741634501
-23.8508580428
-6.26612382482
-23.7859418543
-6.19725508444
-23.7201373048
-6.13068342275
-23.6534723683
-6.06636049006
-23.5859731744
-6.00425285638
-23.5176648928
-5.94434407628
-23.4485717625
-5.88662904166
-23.3787190651
-5.83110334879
-23.3081350972
-5.77776669873
-23.2368531433
-5.72662535526
-23.1649134483
-5.67768998334
-23.0923661905
-5.63097327088
-23.0192757554
-5.58648871253
-22.9457134203
-5.54426000584
-22.8717379762
-5.50432431342
-22.7973960019
-5.46672660249
-22.7227264322
-5.43151083562
-22.6477651248
-5.39871116133
-22.5725494281
-5.36834310476
-22.4971207393
-5.34039158133
-22.4215171356
-5.31479380501
-22.3457817818
-5.2914657699
-22.2699658706
-5.27032545968
-22.1941252528
-5.2513060879
-22.1183155164
-5.23436178661
-22.0425871285
-5.21944880555
-21.9669868383
-5.2065226779
-21.8915595692
-5.19553802104
-21.8163499245
-5.18645994271
-21.7414008654
-5.17926573507
-21.6667526331
-5.17393537471
-21.5924437088
-5.1704467411
-21.5185098298
-5.16877626954
-21.4449830066
-5.16889960416
-21.3718905394
-5.17079225082
-21.2992540347
-5.17443023011
-21.22708694
-5.17979366426
-21.155388347
-5.18688154368
-21.084146293
-5.19571176366
-21.0133418977
-5.20631632608
-20.9429525225
-5.2187351419
-20.872954783
-5.23301115639
-20.8033275614
-5.24918547441
-20.7340550189
-5.26729248564
-20.6651296222
-5.28735504449
-20.5965563709
-5.30939071943
-20.5283471729
-5.33341356068
-20.4605169097
-5.35943502429
-20.3930831964
-5.38746700925
-20.3260663451
-5.41752530979
-20.2594872739
-5.44963255912
-20.1933654167
-5.48382117301
-20.1277166611
-5.52013568734
-20.0625516628
-5.55862343798
-19.9978769737
-5.59932440862
-19.9336972696
-5.64226773252
-19.8700156351
-5.6874736288
-19.8068338476
-5.73495533868
-19.744152662
-5.78472106179
-19.6819720955
-5.8367758924
-19.620291712
-5.89112375567
-19.5591113888
-5.94776662666
-19.4984340308
-6.00669412067
-19.438265637
-6.06788534677
-19.37861402
-6.13131157092
-19.3194873783
-6.19694020192
-19.2608928677
-6.26473877736
-19.2028351741
-6.33467894958
-19.1453150853
-6.40674047156
-19.0883280491
-6.4809151283
-19.0318603626
-6.55719851576
-18.9758879825
-6.63558149804
-18.9203805053
-6.71605035161
-18.8653053503
-6.79858732476
-18.8106298898
-6.88317068846
-18.7563235785
-6.96977478713
-18.7023600832
-7.05837008944
-18.6487194124
-7.14892323917
-18.5953900375
-7.24139712513
-18.5423675146
-7.33575699485
-18.4896517543
-7.43197400356
-18.4372462341
-7.53002332873
-18.3851572107
-7.62988228462
-18.3333929325
-7.73152843684
-18.2819628524
-7.83493771685
-18.2308768395
-7.94008253657
-18.1801443925
-8.04692990285
-18.1297738513
-8.15543953635
-18.0797719773
-8.26556453309
-18.0301445102
-8.37725342529
-17.9808968715
-8.49045091949
-17.932034869
-8.60509863454
-17.8835654006
-8.72113583974
-17.8354971583
-8.83850019284
-17.7878413322
-8.95712847815
-17.7406123145
-9.07695734457
-17.6938284016
-9.19792404313
-17.6475099435
-9.3199663335
-17.6016772905
-9.44302197535
-17.5563507929
-9.56702872839
-17.5115508008
-9.69192435227
-17.4672976645
-9.8176466067
-17.423611734
-9.94413325135
-17.3805133598
-10.0713220459
-17.3380228919
-10.19915075
-17.2961606805
-10.3275571234
-17.254947076
-10.4564789258
-17.2144024284
-10.5858539168
-17.174547088
-10.7156198561
-17.1354014051
-10.8457145034
-17.0969857297
-10.9760756184
-17.0593200915
-11.1066390172
-17.0224233386
-11.2373357165
-16.9863130755
-11.3680962541
-16.951005646
-11.4988553475
-16.9165161171
-11.6295565524
-16.882858262
-11.7601569213
-16.8500292968
-11.8906399371
-16.817998538
-12.0210170607
-16.7867186042
-12.151311705
-16.7561366631
-12.2815431783
-16.7262056787
-12.4117106277
-16.6968828982
-12.5417881748
-16.6681175848
-12.6717396323
-16.6398582226
-12.8015235303
-16.6120600428
-12.9310979152
-16.5846925516
-13.0604251496
-16.5577462434
-13.1894764674
-16.5312180718
-13.318229509
-16.5051034811
-13.4466661369
-16.479396389
-13.5747723787
-16.4540891707
-13.702538371
-16.4291724861
-13.8299582729
-16.404616863
-13.9570272772
-16.3803661118
-14.0837428228
-16.3563459845
-14.21010912
-16.3324731542
-14.3361436178
-16.3086603242
-14.4618859615
-16.2847785263
-14.587410263
-16.2606756424
-14.7128074619
-16.2362134188
-14.8381599879
-16.2113044803
-14.9635164236
-16.1859407351
-15.088866467
-16.1601457821
-15.2141587149
-16.1339581596
-15.339323079
-16.1074200811
-15.4642914735
-16.080566172
-15.5890185032
-16.0534249658
-15.713490958
-16.0260103807
-15.8377155
-15.9982894172
-15.9617104332
-15.9701911029
-16.0854983999
-15.9416160492
-16.2090991136
-15.9124468229
-16.3325223351
-15.8825794821
-16.4557678821
-15.8519277928
-16.5788286051
-15.8204109604
-16.7016929001
-15.7879517375
-16.8243457312
-15.754474687
-16.946769683
-15.7199226901
-17.0689489155
-15.6842616226
-17.1908689176
-15.6474701074
-17.3125148918
-15.6095298072
-17.4338710519
-15.5704185814
-17.5549104108
-15.5301468199
-17.6755721086
-15.4887416096
-17.7957697072
-15.4462125583
-17.9154072681
-15.4025328643
-18.0343871548
-15.3576403213
-18.1526206465
-15.3114878564
-18.2700246911
-15.2640406366
-18.3865316284
-15.2152673685
-18.5021012416
-15.165139187
-18.6167286252
-15.1136394783
-18.7304237354
-15.060776138
-18.8431994481
-15.0065978121
-18.9550654506
-14.9511685699
-19.0660214336
-14.8945427772
-19.1760504905
-14.8367612112
-19.2851195371
-14.7778406934
-19.3931794396
-14.7177776613
-19.5001681695
-14.6565623045
-19.6060244631
-14.5941807452
-19.7106875763
-14.5306353891
-19.8140993579
-14.4659534455
-19.9162021221
-14.4001802027
-20.0169332084
-14.3333719831
-20.1162175978
-14.2655933046
-20.2139610898
-14.1969585329
-20.3100526785
-14.1276136196
-20.4043809052
-14.0576948989
-20.4968536873
-13.9872877341
-20.5874180612
-13.9163937743
-20.6760796248
-13.8449739722
-20.762879631
-13.7729549916
-20.8478826171
-13.7002392784
-20.9311576148
-13.6267200746
-21.012751145
-13.5522888433
-21.0926643965
-13.4768525332
-21.1708609495
-13.4003734892
-21.2472738265
-13.3228627667
-21.3218225551
-13.2443656135
-21.3944375289
-13.1649499729
-21.4650716682
-13.084673851
-21.5337049744
-13.0035800037
-21.6003461175
-12.9217060097
-21.6650260835
-12.8390851842
-21.7277811446
-12.7557497451
-21.7886512228
-12.67171437
-21.8476759349
-12.5869715852
-21.9048948388
-12.5015023993
-21.9603509928
-12.4152873251
-22.0140945133
-12.3283157093
-22.0661854186
-12.2405462763
-22.1166968357
-12.1519212271
-22.1657048068
-12.0623990292
-22.2132731398
-11.971987207
-22.2594382602
-11.8807456329
-22.3041912357
-11.7887144654
-22.3474713712
-11.6959284979
-22.3891729976
-11.6024299488
-22.4291611914
-11.5082817526
-22.4672881344
-11.4135806707
-22.5034182069
-11.3184300618
-22.5374418361
-11.2228846139
-22.5692686128
-11.1269632818
-22.5988251584
-11.030670433
-22.6260459522
-10.9340131613
-22.6508766164
-10.8370184928
-22.6732772854
-10.7397287003
-22.6932208194
-10.6421857706
-22.7106802646
-10.5444204285
-22.7256241375
-10.4464506265
-22.7380176747
-10.3482855948
-22.747827482
-10.2499298929
-22.7550261828
-10.1513874598
-22.7595970674
-10.0526640254
-22.7615356051
-9.95375511102
-22.7608345165
-9.85464561496
-22.7574793688
-9.75531705302
-22.7514479987
-9.65575494748
-22.7427100209
-9.55595621622
-22.7312263366
-9.45594081367
-22.7169544273
-9.35576990112
-22.6998519287
-9.25553597271
-22.6798769753
-9.15534703643
-22.6569962854
-9.05530562418
-22.6312002532
-8.95548798282
-22.6025093075
-8.85593994612
-22.5709779573
-8.75669419144
-22.5366829422
-8.6577748399
-22.4997027722
-8.55919793563
-22.4601099229
-8.4609718952
-22.4179631043
-8.36309795703
-22.3732995292
-8.26557743431
-22.3261467465
-8.16842008052
-22.2765432837
-8.07164830116
-22.2245338168
-7.97529265547
-22.1701583515
-7.87938323391
-22.1134380065
-7.7839410356
-22.0543607958
-7.68896716538
-21.992855595
-7.59437795351
-21.9284085732
-7.50013772319
-21.8608785228
-7.40622215904
-21.7902289718
-7.31261955154
-21.7164627458
-7.21934038657
-21.6396079406
-7.12643257744
-21.5597152966
-7.03400160122
-21.4768805834
-6.94218038871
-21.3912647106
-6.85108632901
-21.3030841455
-6.76080557801
-21.212570553
-6.67137749599
-21.1199303219
-6.5827975196
-21.0253165209
-6.49504665049
-20.9288273081
-6.40805148411
-20.8304990076
-6.32167992867
-20.7303265522
-6.23582369815
-20.6283140731
-6.15041689346
-20.5244781008
-6.06541657084
-20.4188347914
-5.98079660189
-20.3113943764
-5.8965470094
-20.2021653276
-5.81266996361
-20.0911693
-5.72916155532
-19.9784520031
-5.646006842
-19.8640851569
-5.56319346287
-19.748164301
-5.48072837233
-19.6308185057
-5.39872032706
-19.5125846805
-5.31727281369
-19.3936040717
-5.23650450524
-19.2738646611
-5.1565193582
-19.1532953499
-5.0773952034
-19.0318597529
-4.99915752948
-18.9095799449
-4.92175815802
-18.7865040778
-4.84510261133
-18.6626938957
-4.76909036966
-18.5382012342
-4.69363171163
-18.4130650127
-4.61866442548
-18.287308342
-4.54415434862
-18.1609355711
-4.47007323791
-18.0339439203
-4.39644656734
-17.906355971
-4.32335755868
-17.7782166561
-4.25086818033
-17.6495471876
-4.17900408781
-17.5203463003
-4.1077659847
-17.390591895
-4.03709674876
-17.2602074097
-3.96694615891
-17.1291041741
-3.89734048103
-16.9972309357
-3.82834038962
-16.8645575318
-3.76003919535
-16.7310832036
-3.6925560578
-16.5968661182
-3.62608128349
-16.4624134766
-3.56072884502
-16.3278849095
-3.49654179435
-16.193372503
-3.43350762393
-16.0589964309
-3.37158356903
-15.9248880091
-3.31069507141
-15.7911217286
-3.25074340775
-15.6577059343
-3.19162425632
-15.5245924078
-3.13323997926
-15.3916811163
-3.0754983004
-15.2588492901
-3.0183185146
-15.1259799602
-2.96163769717
-14.9929904952
-2.90541465055
-14.8598487675
-2.84968327346
-14.7265809124
-2.79454837931
-14.5932433584
-2.74009657471
-14.4598806144
-2.68638125038
-14.3265544897
-2.63342541361
-14.1933639667
-2.58122504581
-14.0604332735
-2.52980965496
-13.9279342661
-2.47920099498
-13.7960267847
-2.42938566195
-13.6647979136
-2.3803857063
-13.5342834271
-2.33222124082
-13.4044832129
-2.28488663133
-13.2753490538
-2.23827605843
-13.146411016
-2.19229143594
-13.0175866285
-2.1468347187
-12.8889335871
-2.1018364112
-12.7605553449
-2.05725731983
-12.6325050903
-2.01310109697
-12.5047330826
-1.96942113273
-12.3771492955
-1.92629471147
-12.2496809882
-1.88378606404
-12.1222732427
-1.84194795681
-11.9948861268
-1.80082021145
-11.8675003215
-1.7604288467
-11.7401217095
-1.72079185654
-11.6127763352
-1.68186613087
-11.4854813783
-1.64354132867
-11.3582600647
-1.6057314919
-11.2311772647
-1.56839291639
-11.1043038202
-1.53153006896
-10.9776946344
-1.49523576364
-10.8514346319
-1.45960355987
-10.7256013648
-1.42464530135
-10.6002257871
-1.39032082973
-10.4753252186
-1.35653363795
-10.3509133996
-1.32317709157
-10.2269886062
-1.2901539824
-10.1035319491
-1.25739437974
-9.98050596756
-1.22488860011
-9.85784202652
-1.19267200489
-9.73538664831
-1.1607915118
-9.61294287107
-1.1292989437
-9.4903938665
-1.0982145327
-9.36775214929
-1.06750718342
-9.24507366682
-1.03712812032
-9.12241159849
-1.00705143182
-8.99983431052
-0.977282803939
-8.87742564976
-0.947862601971
-8.75527698231
-0.91883618444
-8.63347050863
-0.89022488406
-8.51207211358
-0.862031459241
-8.39114694657
-0.834259380351
-8.27075522479
-0.806908593081
-8.15091923307
-0.779991083504
-8.03161548261
-0.753532909236
-7.91279169776
-0.727521115311
-7.79434592041
-0.701946430221
-7.67617486444
-0.676840746991
-7.55822536958
-0.652206928807
-7.44046842332
-0.628044975669
-7.32287829768
-0.604354887579
-7.2054345042
-0.581136664535
-7.0881248668
-0.558387082587
-6.97094879946
-0.536065358874
-6.85392981505
-0.51409490236
-6.73714449325
-0.492378698459
-6.62071997675
-0.470814695018
-6.50482716385
-0.449330241229
-6.38963232251
-0.427908985788
-6.27526498503
-0.40658871598
-6.16183485212
-0.385421817766
-6.04943265593
-0.36445463114
-5.93811965279
-0.343710772705
-5.82791711322
-0.32320660392
-5.71880557563
-0.302968237261
-5.61072866325
-0.283034279384
-5.50358544048
-0.263442392271
-5.39724445753
-0.244211982643
-5.29157662453
-0.225322867513
-5.1864728422
-0.206706905159
-5.08183515329
-0.188271549433
-4.97758528066
-0.169923478498
-4.87366984678
-0.151595837127
-4.77006132578
-0.133269233502
-4.6667584878
-0.114942629876
-4.56379437715
-0.0966160262504
-4.46122176326
-0.0782894226248
-4.3591082571
-0.0599653510038
-4.2575326747
-0.0416673956795
-4.15660353941
-0.0234367863149
-4.05644277378
-0.00532362113555
-3.95713776877
0.0126028569507
-3.8587040694
0.030254461528
-3.76114041666
0.0475511115363
-3.6644673473
0.0644588131821
-3.56869997987
0.0809812330741
-3.47383804057
0.0971613162036
-3.37986693392
0.113055380961
-3.28676842735
0.128717229753
-3.19453145077
0.144197087348
-3.10315769719
0.159552057389
-3.01265874271
0.174841753665
-2.92305853929
0.190109888795
-2.83440119555
0.205382010282
-2.74674867947
0.220668555786
-2.66017572314
0.235967908387
-2.5747613451
0.251269451847
-2.49057904213
0.266560239439
-2.40769114249
0.281838588511
-2.32614821282
0.297113425144
-2.24598648918
0.312388261751
-2.16723725232
0.327660321617
-2.08992078988
0.342905275593
-2.01404079179
0.358080617841
-1.93956229504
0.373134412845
-1.86642310314
0.388014043765
-1.79456994294
0.402694013731
-1.72396357129
0.417193269839
-1.65456415417
0.431564252143
-1.58633615988
0.445859683557
-1.51925217566
0.46011505667
-1.45329951396
0.474335087756
-1.3884868213
0.488510471295
-1.32484140585
0.502624618883
-1.2624064499
0.516654411706
-1.20123895093
0.53056979692
-1.14140824729
0.54431971097
-1.08299966933
0.557834150294
-1.02610811251
0.571031561237
-0.970828847346
0.583826229956
-0.917248364161
0.596135672333
-0.865438600395
0.607888023882
-0.815452498336
0.619029429661
-0.767318338371
0.629525090309
-0.721039086352
0.639345409556
-0.676604080736
0.648466025641
-0.633990331932
0.656867617865
-0.593168043095
0.664551138737
-0.554104674865
0.671534407058
-0.516765281079
0.67784332976
-0.481113228232
0.68350312373
-0.447110914955
0.688529537654
-0.41472049148
0.69292007384
-0.383904579108
0.696650203569
-0.354627449265
0.699691841512
-0.326857279075
0.702016123262
-0.300565617362
0.703591560155
-0.275727000408
0.704379444507
-0.252318609844
0.704334633258
-0.230317835399
0.703406648705
-0.209699735604
0.70154225244
-0.190433811745
0.69919477769
-0.172310112453
0.696289161152
-0.155373851676
0.692757446631
-0.139648532827
0.688552921758
-0.125117816596
0.683664721972
-0.11170791152
0.678088451482
-0.0993303505722
0.671801800573
-0.0879136504398
0.664764600305
-0.0774038582935
0.65693377575
-0.0677527587845
0.648264414894
-0.0589164694079
0.638709799804
-0.0508548389519
0.628221437791
-0.0435308459461
0.616749092572
-0.0369099971097
0.604240815433
-0.0309597258003
0.590642976395
-0.0256487904626
0.575900295372
-0.0209466730762
0.559955873337
-0.0168229776049
0.542751223489
-0.0132468284445
0.524226302407
-0.0101862688718
0.504319541221
-0.00760765949296
0.482969721954
-0.00547459438171
0.460120603443
-0.00374677508256
0.435720168863
-0.00238097976502
0.409719556151
-0.00133213441048
0.39011224559
-0.000182290910431
0.367883173308
1.42108547152e-14
0.34336407352
1.42108547152e-14
0.316525678992
1.42108547152e-14
0.287215290455
1.42108547152e-14
0.255280208643
1.42108547152e-14
0.220567734288
1.42108547152e-14
0.182925168122
0
0.142199810878
0
0.0982389632877
0
0.0508899260843
0
0
0
