2
1000
-39.5858382447
38.8789482761
-39.5114289516
38.8789482761
-39.4349665854
38.8789482761
-39.3564813976
38.8789482761
-39.2760036395
38.8789482761
-39.1935635622
38.8789482761
-39.1091914171
38.8789482761
-39.0229174555
38.8789482761
-38.9347719287
38.8789482761
-38.8447850879
38.8789482761
-38.7529871844
38.8789482761
-38.6594084695
38.8789482761
-38.5640791945
38.8789482761
-38.473293898
38.8789482761
-38.3814761601
38.8789482761
-38.2886488279
38.8789482761
-38.1948344465
38.8789482761
-38.1000552583
38.8789482761
-38.0043332032
38.8789482761
-37.9076899184
38.8789482761
-37.810146739
38.8789482761
-37.7117246972
38.8789482761
-37.6124445228
38.8789482761
-37.5123266433
38.8789482761
-37.4113911834
38.8789482761
-37.3096579653
38.8789482761
-37.207146509
38.8789482761
-37.1038760316
38.8789482761
-36.9998654479
38.8789482761
-36.8951333702
38.8789482761
-36.7896981081
38.8789482761
-36.683577669
38.8789482761
-36.5767897575
38.8789482761
-36.4693517758
38.8789482761
-36.3612808236
38.8789482761
-36.2525936981
38.8789482761
-36.1433068939
38.8789482761
-36.0334366032
38.8789482761
-35.9226695402
38.8789482761
-35.8110132677
38.8789482761
-35.6984753486
38.8789482761
-35.5850633457
38.8789482761
-35.4707848218
38.8789482761
-35.3556473397
38.8789482761
-35.2396584622
38.8789482761
-35.1228257522
38.8789482761
-35.0051567725
38.8789482761
-34.8866590859
38.8789482761
-34.7673402552
38.8789482761
-34.6472078433
38.8789482761
-34.5262694129
38.8789482761
-34.4045325269
38.8789482761
-34.2820047481
38.8789482761
-34.1586936394
38.8789482761
-34.0346067635
38.8789482761
-33.9097516833
38.8789482761
-33.7841359615
38.8789482761
-33.6577671611
38.8789482761
-33.5306528448
38.8789482761
-33.4028005754
38.8789482761
-33.2742179158
38.8789482761
-33.1449124288
38.8789482761
-33.0148916772
38.8789482761
-32.8841632239
38.8789482761
-32.7527346316
38.8789482761
-32.6206134632
38.8789482761
-32.4878072814
38.8789482761
-32.3543236492
38.8789482761
-32.2201701293
38.8789482761
-32.0853542846
38.8789482761
-31.9498836778
38.8789482761
-31.8137658719
38.8789482761
-31.6770084295
38.8789482761
-31.5396189136
38.8789482761
-31.401604887
38.8789482761
-31.2629739124
38.8789482761
-31.1237335527
38.8789482761
-30.9838913708
38.8789482761
-30.8434549294
38.8789482761
-30.7024317913
38.8789482761
-30.5608295194
38.8789482761
-30.4186556765
38.8789482761
-30.2759178255
38.8789482761
-30.1326235291
38.8789482761
-29.9887803501
38.8789482761
-29.8443958514
38.8789482761
-29.6994775959
38.8789482761
-29.5540331462
38.8789482761
-29.4080700653
38.8789482761
-29.261595916
38.8789482761
-29.114618261
38.8789482761
-28.9671446633
38.8789482761
-28.8191826855
38.8789482761
-28.6707398907
38.8789482761
-28.5218238414
38.8789482761
-28.3724421007
38.8789482761
-28.2226022313
38.8789482761
-28.072311796
38.8789482761
-27.9215783577
38.8789482761
-27.7704094791
38.8789482761
-27.6188127231
38.8789482761
-27.4667893955
38.8789482761
-27.3143227847
38.8789482761
-27.1613872794
38.8789482761
-27.0079585401
38.8789482761
-26.8540236697
38.8789482761
-26.6995913216
38.8789482761
-26.5446917198
38.8789482761
-26.3893678448
38.8789482761
-26.2336689391
38.8789482761
-26.0776440133
38.8789482761
-25.921335352
38.8789482761
-25.764772122
38.8789482761
-25.6079690206
38.8789482761
-25.4509321471
38.8789482761
-25.2936654316
38.8789482761
-25.1361770638
38.8789482761
-24.9784785449
38.8789482761
-24.8205810738
38.8789482761
-24.6624985256
38.8789482761
-24.5042504309
38.8789482761
-24.3458659839
38.8789482761
-24.1873913544
38.8789482761
-24.0288818726
38.8789482761
-23.8703913933
38.8789482761
-23.71196166
38.8789482761
-23.5536179266
38.8789482761
-23.395345863
38.8789482761
-23.2370531056
38.8789482761
-23.0786373591
38.8789482761
-22.9200582481
38.8789482761
-22.7613180733
38.8789482761
-22.602419939
38.8789482761
-22.4433676165
38.8789482761
-22.2841630863
38.8789482761
-22.1248040807
38.8789482761
-21.9652910037
38.8789482761
-21.8056396191
38.8789482761
-21.6458815892
38.8789482761
-21.4860577883
38.8789482761
-21.3262110584
38.8789482761
-21.1663790567
38.8789482761
-21.0065956715
38.8789482761
-20.846894987
38.8789482761
-20.6873084545
38.8789482761
-20.5278620621
38.8789482761
-20.3685724756
38.8789482761
-20.2094397927
38.8789482761
-20.0504551985
38.8789482761
-19.8916115708
38.8789482761
-19.7329203538
38.8789482761
-19.574433935
38.8789482761
-19.4162713619
38.8789482761
-19.2586400263
38.8789482761
-19.1017482961
38.8789482761
-18.9457098873
38.8789482761
-18.7905494665
38.8789482761
-18.6362498038
38.8789482761
-18.4827636991
38.8789482761
-18.3300200802
38.8789482761
-18.1779398111
38.8789482761
-18.0264514249
38.8789482761
-17.8754959451
38.8789482761
-17.7250315942
38.8789482761
-17.5750378819
38.8789482761
-17.4255091245
38.8789482761
-17.2764477942
38.8789482761
-17.1278625859
38.8789482761
-16.9797600087
38.8789482761
-16.8321361782
38.8789482761
-16.6849677048
38.8789482761
-16.5382040661
38.8789482761
-16.3917790008
38.8789482761
-16.2456246227
38.8789482761
-16.0996854049
38.8789482761
-15.9539250484
38.8789482761
-15.8083457695
38.8789482761
-15.6630274905
38.8789482761
-15.5180593198
38.8789482761
-15.3734687297
38.8789482761
-15.229247314
38.8789482761
-15.0854007495
38.8789482761
-14.9419468989
38.8789482761
-14.7989148121
38.8789482761
-14.6563495555
38.8789482761
-14.5142979537
38.8789482761
-14.372774684
38.8789482761
-14.2317354985
38.8789482761
-14.0910926584
38.8789482761
-13.9507347062
38.8789482761
-13.8105567166
38.8789482761
-13.6704761866
38.8789482761
-13.5304176909
38.8789482761
-13.39031257
38.8789482761
-13.2500988025
38.8789482761
-13.1097210393
38.8789482761
-12.9691403711
38.8789482761
-12.8283376009
38.8789482761
-12.6873141385
38.8789482761
-12.5460821391
38.8789482761
-12.404639421
38.8789482761
-12.2629347575
38.8789482761
-12.1208317076
38.8789482761
-11.9781801147
38.8789482761
-11.8348959287
38.8789482761
-11.6909517779
38.8789482761
-11.546341837
38.8789482761
-11.4010793727
38.8789482761
-11.2552003095
38.8789482761
-11.1087570854
38.8789482761
-10.9618124808
38.8789482761
-10.8144427846
38.8789482761
-10.6667263309
38.8789482761
-10.5187218166
38.8789482761
-10.3704624393
38.8789482761
-10.2219575821
38.8789482761
-10.0732056944
38.8789482761
-9.92422078858
38.8789482761
-9.77502734559
38.8789482761
-9.62567103438
38.8789482761
-9.47622611205
38.8789482761
-9.32678779363
38.8789482761
-9.1774525067
38.8789482761
-9.0282988995
38.8789459832
-8.87938390515
38.8789268308
-8.73075772121
38.8788650203
-8.5824654086
38.8787260906
-8.43454954233
38.8784694891
-8.28705141564
38.8780511412
-8.14000675912
38.8774260213
-7.99343708083
38.8765507226
-7.8473425577
38.8753860254
-7.70170640899
38.8738954644
-7.55649709342
38.8720422692
-7.41168159615
38.8697890245
-7.26725259443
38.8670973295
-7.12326165432
38.8639274577
-6.97982998121
38.8602380165
-6.83713068567
38.8559856073
-6.69534963977
38.8511245127
-6.55464736726
38.8456066976
-6.41515390027
38.8393820026
-6.27696746407
38.8323983418
-6.14017613017
38.8246018989
-6.00486421481
38.8159373253
-5.87111160405
38.8063479363
-5.73898467496
38.7957759087
-5.60852664234
38.7841624777
-5.47975778111
38.7714504267
-5.35268737056
38.7575942664
-5.22731062007
38.7425593529
-5.10361332305
38.7263190143
-4.98158096012
38.7088515287
-4.86120780229
38.6901371022
-4.74250412092
38.6701548471
-4.62549638605
38.6488797601
-4.51022769424
38.6262797021
-4.39675829608
38.6023163798
-4.28516224111
38.5769474307
-4.17551295508
38.5501234065
-4.06787251555
38.5217891016
-3.96229038586
38.4918857196
-3.85881243226
38.460353039
-3.75748468904
38.4271315799
-3.65835899519
38.3921647417
-3.56149014125
38.3554006288
-3.4669150025
38.3167936824
-3.37466503499
38.2763058379
-3.28477404324
38.2339041895
-3.19727017888
38.1895595847
-3.11217629783
38.1432456326
-3.02952253247
38.0949377132
-2.94935824046
38.0446142787
-2.87174975561
37.9922658431
-2.7967703953
37.9378936212
-2.72451518102
37.8815085107
-2.65509597666
37.8231283695
-2.58863190679
37.7627752182
-2.52523977485
37.7004724438
-2.46502728556
37.6362420022
-2.40809483875
37.5701016235
-2.3545319151
37.5020652673
-2.30441574053
37.4321461376
-2.25780605748
37.3603593676
-2.2147495452
37.2867270978
-2.17527606692
37.2112792095
-2.13938043663
37.1340532201
-2.10702888923
37.0550941789
-2.0781763911
36.9744545342
-2.05278869287
36.8921936581
-2.03085897368
36.8083753941
-2.01241129864
36.7230646499
-1.99747868704
36.6363248634
-1.98608609154
36.54821896
-1.97824840322
36.4588093811
-1.97397123464
36.3681576979
-1.97325170202
36.2763242399
-1.97608028892
36.1833681513
-1.9824475641
36.0893390021
-1.99234690596
35.9942767217
-2.00576193516
35.8982116914
-2.02266782121
35.8011671535
-2.04303424415
35.7031618418
-2.06682833958
35.6042126296
-2.09401405983
35.5043407612
-2.12455378249
35.4035758334
-2.15840832619
35.3019531762
-2.1955349184
35.199509196
-2.23590021155
35.0962799548
-2.27948867108
34.9922914323
-2.32631846429
34.8875345268
-2.37642713282
34.7819889698
-2.42985158856
34.6756563339
-2.48662726779
34.5685644108
-2.54679300515
34.4607429942
-2.6103820372
34.3522199114
-2.6774121354
34.2430185018
-2.74786443466
34.133158188
-2.82167897484
34.0226540305
-2.89877001651
33.9115172462
-2.97903598225
33.799759042
-3.06236733467
33.6873947383
-3.14865424408
33.5744451703
-3.2377880247
33.4609381752
-3.32964628253
33.3469102721
-3.42409587009
33.2324098846
-3.52099129128
33.1174976089
-3.62018217386
33.0022438423
-3.721522545
32.8867263082
-3.8248836907
32.7710239978
-3.93016011598
32.6552141105
-4.03726622382
32.5393714113
-4.14613659275
32.423564777
-4.25672153139
32.3078504247
-4.36897398573
32.1922804529
-4.48282621755
32.0769278769
-4.5981966993
31.9618627515
-4.71500268546
31.8471191989
-4.83315403594
31.7326841503
-4.95254989018
31.6184979667
-5.07308910731
31.5044854574
-5.1946814404
31.3905924296
-5.31727244638
31.2768091242
-5.44085383981
31.1631504162
-5.5654411688
31.0496421146
-5.69105591542
30.9363058877
-5.81771242622
30.8231444332
-5.94541675789
30.7101421732
-6.07416951997
30.5972684205
-6.20398037788
30.4844820054
-6.3348674984
30.3717338979
-6.46686461009
30.2589726346
-6.60001770914
30.1461479908
-6.73437713086
30.0332055646
-6.86998570004
29.9200912032
-7.00686819799
29.8067582649
-7.14502676021
29.6931758151
-7.28443120815
29.5793391104
-7.42500191945
29.4652849789
-7.56659728019
29.3511142816
-7.70903970459
29.2369608316
-7.85214992521
29.1229494489
-7.99576026441
29.0091826639
-8.1397151621
28.8957633045
-8.28387766956
28.7828158687
-8.42814137988
28.670461666
-8.5724373599
28.5587910931
-8.71673193851
28.4478433922
-8.86100532463
28.3376292583
-9.00525557636
28.2281401799
-9.14951424633
28.1193542644
-9.29384009685
28.0112515129
-9.43829997061
27.9038140001
-9.58295049286
27.7970242559
-9.72782209263
27.6908641387
-9.87292722056
27.5853094888
-10.0182646491
27.48032441
-10.1638164213
27.3758631608
-10.309547647
27.2718812196
-10.4554102207
27.168336507
-10.6013498739
27.0651870222
-10.7473121422
26.9623889017
-10.8932378851
26.8598936444
-11.0390728413
26.7576370421
-11.1847945141
26.6555164621
-11.3304032247
26.5534204424
-11.4759048945
26.451269151
-11.6213125809
26.3490331732
-11.7666462897
26.2467422018
-11.9119228328
26.1444617688
-12.0571453744
26.0422557402
-12.2022900277
25.9401566773
-12.347296829
25.8381826314
-12.4920906282
25.7363482776
-12.6365904828
25.6346802969
-12.7807053492
25.533231062
-12.9243367345
25.4320663914
-13.0673913841
25.3312495427
-13.2097920536
25.2308379254
-13.3514851628
25.1308817466
-13.4924242529
25.0314268747
-13.6325586651
24.9325224549
-13.7718372895
24.8342309017
-13.9102128985
24.7366298351
-14.0476362624
24.6398051464
-14.1840617297
24.5438401427
-14.319457726
24.4488049221
-14.4538277024
24.3547465825
-14.5872188341
24.2616841001
-14.7197165006
24.1696041628
-14.851440201
24.0784522888
-14.9826122202
23.988003879
-15.1134973751
23.8979305222
-15.2442976523
23.8079381638
-15.3750828485
23.717879292
-15.5058634223
23.6276610514
-15.6366161403
23.5372518238
-15.7673063182
23.4466529921
-15.8978900863
23.3558806531
-16.0283070413
23.2649505581
-16.1584892863
23.1738556421
-16.288373894
23.0825691189
-16.4179133576
22.9910606666
-16.5470880864
22.8993000691
-16.6759051184
22.8072660518
-16.8043916827
22.7149581319
-16.9325934867
22.6223965498
-17.0605659188
22.5295998234
-17.1883684559
22.4365758252
-17.3160695381
22.3433225465
-17.4437399813
22.2498327845
-17.5714480754
22.1560999329
-17.699256458
22.0621210999
-17.8272124193
21.9678881865
-17.9553416563
21.8733833189
-18.0836411612
21.7785936588
-18.211999361
21.6836463015
-18.3402474438
21.5887409444
-18.4682652857
21.4939943631
-18.5960439614
21.3993664785
-18.7236172114
21.3047979672
-18.8510552597
21.2102215149
-18.9784442085
21.1155635843
-19.1058706911
21.0207439904
-19.2334177829
20.9256737221
-19.3611641858
20.8302702821
-19.4891826306
20.7344799404
-19.6175322653
20.6382788765
-19.7462520585
20.5416720933
-19.875369129
20.444685087
-20.0049119952
20.3473480405
-20.134913125
20.2496697647
-20.2654091216
20.1516367858
-20.3964471921
20.0532168298
-20.5280799015
19.9543654112
-20.660356092
19.8550317674
-20.7933062804
19.7551630361
-20.9269268296
19.6547106606
-21.0611792135
19.5536463317
-21.1959865536
19.4519859205
-21.3311553419
19.3499209757
-21.466428347
19.2477479718
-21.6015948148
19.1457068521
-21.7365581267
19.0438908144
-21.8712663383
18.9423634345
-22.0056898381
18.8411687937
-22.1397968826
18.7403412701
-22.2735540807
18.6399182718
-22.406928768
18.539952351
-22.5398945381
18.4405244824
-22.6724297978
18.3417404435
-22.8045187936
18.2437008895
-22.9361519534
18.1464802074
-23.0673276094
18.0500953647
-23.1980467506
17.9544983765
-23.3283075008
17.8595825348
-23.45810492
17.7652232151
-23.5874300346
17.6713048577
-23.7162585443
17.5777372685
-23.8445509929
17.4844679962
-23.9722589061
17.3914882672
-24.0993374456
17.2988178975
-24.2257553782
17.2065111633
-24.3514990444
17.1146582809
-24.4765806495
17.0233564784
-24.6011207904
16.9325588157
-24.725299795
16.8421252324
-24.8492497464
16.7519658224
-24.9729895599
16.6621147979
-25.0964963314
16.5725935706
-25.2197134791
16.4834018853
-25.3425754933
16.3945261622
-25.4650296239
16.3059442124
-25.5870548957
16.2176303615
-25.7086580011
16.1295535672
-25.8298651453
16.0416623144
-25.9507130655
15.9538887313
-26.0712363171
15.8661602788
-26.1914520368
15.7784234962
-26.3113519062
15.6906485904
-26.4308992906
15.6028425155
-26.5500298318
15.5150373698
-26.6686584946
15.4272809027
-26.7866984712
15.3396173121
-26.9040738763
15.252072166
-27.0207291493
15.1646453358
-27.1366313924
15.0773253969
-27.2517670266
14.9900856823
-27.3661374981
14.9028776367
-27.4797570369
14.8156366832
-27.5926504184
14.7282881094
-27.7048506287
14.6407527971
-27.8163949762
14.5529475918
-27.927324389
14.4647885931
-28.0376863146
14.3762002482
-28.1475451339
14.2871154658
-28.256967627
14.1974727884
-28.3660065486
14.1072141842
-28.4746867985
14.0162823568
-28.583008965
13.9246243781
-28.6909472427
13.8322184121
-28.7984556315
13.7390851944
-28.9054733855
13.6453039893
-29.0119366445
13.5510070086
-29.1177911632
13.4563644805
-29.2230003705
13.3615519273
-29.3275493221
13.2667253403
-29.4314459869
13.1719997102
-29.534710986
13.0774297723
-29.6373727309
12.9829758709
-29.7394585048
12.8885435788
-29.8409896892
12.7940166947
-29.9419853569
12.6992840396
-30.0424660678
12.6042336581
-30.1424517791
12.5087561316
-30.2419586815
12.4127567169
-30.3409981533
12.3161661203
-30.4395814712
12.2189506653
-30.5377187118
12.1211161852
-30.6354127991
12.0227043757
-30.7326516941
11.9237814132
-30.8294096292
11.8244288565
-30.9256492765
11.7247331825
-31.0213231958
11.6247758274
-31.116370497
11.5246335625
-31.210722563
11.4243686074
-31.3043117481
11.324019526
-31.3970841578
11.2235826453
-31.4890078023
11.1230160457
-31.5800791349
11.0222511636
-31.6703219168
10.921202343
-31.7597831491
10.8197783441
-31.8485173994
10.7179043785
-31.93657728
10.6155483341
-32.024005894
10.5127568406
-32.1108347039
10.4096166211
-32.1970855455
10.3062207134
-32.2827718654
10.2026399142
-32.3678961459
10.0989368754
-32.4524517413
9.99517324285
-32.5364258839
9.89140812881
-32.619804243
9.7877019432
-32.7025722995
9.68411730519
-32.7847199355
9.58071528361
-32.8662462104
9.4775515442
-32.9471637905
9.37467248176
-33.0274992637
9.27211199848
-33.1072929407
9.16988925
-33.1865976015
9.06800495569
-33.2654814886
8.96642745828
-33.3440212212
8.86509746545
-33.4222929359
8.76394037015
-33.5003642144
8.66287648998
-33.5782844578
8.56183027269
-33.6560755452
8.46073677859
-33.7337301669
8.35955021237
-33.8112148158
8.2582502627
-33.8884904855
8.15684632044
-33.9655178908
8.0554060836
-34.0422590794
7.95403166515
-34.1186787857
7.85282944001
-34.1947378444
7.75188403923
-34.2703857637
7.65127300732
-34.3455604539
7.55107370472
-34.4201901874
7.45136117558
-34.4942064942
7.3522031966
-34.567546459
7.25365150834
-34.6401532554
7.15574078936
-34.7119782732
7.05849120897
-34.7829828981
6.96191096501
-34.8531361254
6.86599947116
-34.9224112642
6.77075198801
-34.9907826346
6.676164874
-35.058224042
6.58224176652
-35.1247077875
6.48899967836
-35.1902046584
6.39646686845
-35.2546823576
6.30467708355
-35.3181015934
6.21366289696
-35.380412452
6.12345189623
-35.4415584469
6.03406547448
-35.501480962
5.94551779209
-35.5601219708
5.85781497568
-35.6174206521
5.77094591013
-35.673319276
5.68485276861
-35.7277713344
5.59945499974
-35.7807419824
5.51468092864
-35.8322089051
5.43049532808
-35.8821669962
5.3468843385
-35.9306255336
5.26384322838
-35.9776022612
5.18136929776
-36.0231113149
5.09946211778
-36.0671582135
5.01812379538
-36.1097376146
4.93735886235
-36.1508310703
4.8571741643
-36.1904051291
4.77757876474
-36.2284135543
4.69858320295
-36.264800054
4.62019778422
-36.2995024486
4.54243165302
-36.3324573349
4.46529197369
-36.3636047394
4.38878302351
-36.3928918203
4.31290165694
-36.4202755128
4.23763808342
-36.445726792
4.16298256505
-36.4692346526
4.08892926522
-36.4908024116
4.01547749365
-36.5104418921
3.94263301818
-36.5281614467
3.87040928307
-36.543961927
3.79882621847
-36.5578338033
3.72790881454
-36.5697506237
3.65768503089
-36.5796536703
3.58817759623
-36.5874626586
3.51939778064
-36.5930883969
3.45134046468
-36.5964473803
3.38398353571
-36.5974662161
3.31729383756
-36.5960881968
3.25122842431
-36.5922825969
3.18573539116
-36.5860465408
3.12075395641
-36.5773894908
3.05621528496
-36.5663308399
2.9920470751
-36.5528984362
2.92817829108
-36.5371274535
2.86454342316
-36.5190574847
2.80108581745
-36.4987291401
2.73776089808
-36.476180655
2.6745394772
-36.4514454497
2.61141574403
-36.4245508234
2.54841287109
-36.3955212281
2.48557531067
-36.3643797015
2.42296024249
-36.3311465548
2.36063111945
-36.2958397863
2.29865097623
-36.2584816547
2.23707583145
-36.2190973065
2.1759504985
-36.1777122523
2.11530463192
-36.1343537103
2.05514939268
-36.0890684919
1.99547891595
-36.0419119201
1.93627132276
-35.9929318167
1.87749468966
-35.9421659172
1.81911637839
-35.8896462558
1.7611049696
-35.8353964852
1.70343217138
-35.7794264315
1.64607510352
-35.7217340778
1.58901933064
-35.6623249279
1.5322611538
-35.6012164901
1.47580607936
-35.5384310441
1.41966655228
-35.4739930772
1.36385950759
-35.4079280504
1.30840394347
-35.3402611747
1.25331858204
-35.271017139
1.19862315887
-35.2002208949
1.144334399
-35.1278982995
1.09045717662
-35.0540721143
1.03698604859
-34.9787598534
0.983907602009
-34.9019760878
0.931196301083
-34.8237359884
0.878814587166
-34.7440583073
0.826717331273
-34.6629683587
0.774856286588
-34.5805048659
0.723185160077
-34.4967433526
0.671669486462
-34.4117932642
0.62029571963
-34.3257931613
0.569079124491
-34.2389079689
0.518052807103
-34.1513104937
0.467257205539
-34.0631653403
0.416740237189
-33.9746128689
0.366557493202
-33.8857605816
0.316773181757
-33.7966918891
0.267460329871
-33.7074617725
0.218697221913
-33.6180933393
0.170563748306
-33.52858024
0.123138340554
-33.4388809975
0.0764950879833
-33.3489345518
0.0307008329809
-33.2586772163
-0.0141878215372
-33.1680562441
-0.0581311333691
-33.0770179799
-0.101108509481
-32.985505347
-0.143113056782
-32.8934630872
-0.184145838204
-32.8008457366
-0.224212192134
-32.7076238907
-0.263313649297
-32.6137892301
-0.301444102832
-32.519354448
-0.338590330827
-32.4243454871
-0.374732518865
-32.3287923118
-0.409845401658
-32.2327031389
-0.443904207049
-32.1360676366
-0.476890143955
-32.0388680695
-0.508796357627
-31.9410772049
-0.539620159076
-31.8426588672
-0.569359225967
-31.7435634107
-0.598013725937
-31.6437099653
-0.625588439914
-31.5430170484
-0.652095634277
-31.4414229138
-0.677557191538
-31.3389027178
-0.702002918257
-31.2354510156
-0.725468117356
-31.1310858205
-0.747990978684
-31.0258561803
-0.769609991122
-30.9198272073
-0.790361354678
-30.8130636878
-0.810276392589
-30.7056171643
-0.829378963423
-30.5975467628
-0.847682942794
-30.4889234046
-0.865194506843
-30.3798236546
-0.881914675568
-30.2703191134
-0.897835355451
-30.1604645705
-0.912939635272
-30.0502867202
-0.927206434386
-29.9397774449
-0.940615151002
-29.8288952621
-0.953150310469
-29.7175720241
-0.964806213548
-29.6057201502
-0.975591584701
-29.493237083
-0.98553351967
-29.3800045967
-0.994666687842
-29.2659019114
-1.00302688695
-29.150807407
-1.01065058009
-29.0346213031
-1.0175744328
-28.9173076044
-1.02383485003
-28.7988802007
-1.02946751322
-28.6793736501
-1.0345069173
-28.5588212888
-1.03898596724
-28.4372749976
-1.04293616082
-28.3148118009
-1.04638795327
-28.1915178192
-1.04937110023
-28.0674708023
-1.05191500084
-27.9427218777
-1.05404904075
-27.8172993182
-1.05580293518
-27.6912199499
-1.05720707191
-27.5645052911
-1.05829285436
-27.4371960094
-1.05909307945
-27.3093360461
-1.05964671796
-27.180962315
-1.0599994418
-27.0521024863
-1.06019979872
-26.9227815533
-1.06029538707
-26.7930255256
-1.06032903056
-26.6628574651
-1.06033495298
-26.532295688
-1.06033495298
-26.4013580329
-1.06033495298
-26.2700669053
-1.06033495298
-26.1384518929
-1.06033495298
-26.0065713385
-1.06033495298
-25.8745329202
-1.06033495298
-25.7424523726
-1.06033495298
-25.6103945771
-1.06033495298
-25.4783495536
-1.06033495298
-25.3462757084
-1.06033495298
-25.2141157171
-1.06033495298
-25.0818015097
-1.06033495298
-24.9492672974
-1.06033495298
-24.8164658572
-1.06033495298
-24.6833846383
-1.06033495298
-24.550029429
-1.06033495298
-24.4163983383
-1.06033495298
-24.2824600533
-1.06033495298
-24.1481241602
-1.06033495298
-24.0132802143
-1.06033495298
-23.8778455837
-1.06033495298
-23.7418026483
-1.06033232127
-23.6051880457
-1.06029849356
-23.4680778609
-1.06018245987
-23.3305782451
-1.0599220015
-23.192813335
-1.05945492803
-23.0549071816
-1.05873031441
-22.9169677978
-1.05771973791
-22.779086713
-1.05642063489
-22.6413251094
-1.05483300536
-22.5036790724
-1.0529568493
-22.3661003056
-1.05079216673
-22.2285427259
-1.04833895764
-22.0909913181
-1.04559722204
-21.9534315639
-1.04256695991
-21.8158338219
-1.03924817127
-21.6781410917
-1.03564085611
-21.5402967375
-1.03174501444
-21.4022750132
-1.02756064624
-21.2641064619
-1.0230777917
-21.1258587989
-1.01825842911
-20.9876120268
-1.01304641015
-20.8494366942
-1.00737853389
-20.7114164234
-1.0011956208
-20.5736294022
-0.994453586759
-20.436113776
-0.987134517033
-20.2988254037
-0.97924102599
-20.1616561525
-0.970801677897
-20.0244812452
-0.961867482751
-19.8871981082
-0.95250065926
-19.7497372088
-0.942763397822
-19.6120556865
-0.932706623506
-19.4741323839
-0.92235875903
-19.3359474005
-0.911722368036
-19.1974681837
-0.900797209859
-19.058623392
-0.889537928477
-18.9193318781
-0.877851744188
-18.7795461458
-0.865643279969
-18.6392749369
-0.852859387828
-18.4985776916
-0.839498442652
-18.3575164368
-0.82556044444
-18.2161609803
-0.811045393192
-18.0745680852
-0.795953288908
-17.9327559329
-0.780284131589
-17.7906846716
-0.764047881062
-17.6482923312
-0.747282559032
-17.5055415069
-0.730044313818
-17.3624650041
-0.712396346347
-17.2191400621
-0.694397836152
-17.0756538032
-0.676092867362
-16.9320747586
-0.657501986419
-16.7884738194
-0.638653774942
-16.6449237136
-0.619599242931
-16.5014634497
-0.600400609093
-16.3580736282
-0.581120063826
-16.2146945132
-0.561808532198
-16.0712613674
-0.542494436928
-15.9277356069
-0.523180341658
-15.7841197267
-0.503866246388
-15.6404594719
-0.484552391782
-15.4968649242
-0.465284133865
-15.3534768234
-0.446154252337
-15.2104102171
-0.42725812422
-15.0677100183
-0.408648897508
-14.9252304983
-0.390328197313
-14.7827408693
-0.372296023636
-14.6401801931
-0.354552376477
-14.4975875627
-0.337097255836
-14.354992886
-0.31994062154
-14.2124212548
-0.303120495295
-14.0698909782
-0.286693025418
-13.9273987589
-0.27072141284
-13.7849011079
-0.25526483709
-13.6423351334
-0.240367382298
-13.4996524419
-0.226046963188
-13.3568590798
-0.212300965394
-13.2139890803
-0.199100824651
-13.0710795572
-0.186395530961
-12.9281666577
-0.174122865615
-12.7852957389
-0.162220638217
-12.6425303959
-0.150637923696
-12.4999338923
-0.139346299336
-12.3575572241
-0.128343201494
-12.2154451811
-0.117628870834
-12.0736752095
-0.10724866338
-11.9323530453
-0.0972953588327
-11.7915770371
-0.0878643342151
-11.6514024673
-0.0790087375195
-11.5118236124
-0.0707301938596
-11.372930136
-0.0630287032352
-11.2348804214
-0.0559042656466
-11.0976752106
-0.0493568810935
-10.9612291135
-0.0433865495761
-10.8254685307
-0.0379833112667
-10.6903288085
-0.0331091444605
-10.5557448647
-0.0287079008386
-10.421650788
-0.0247163794727
-10.2879821107
-0.0210754008313
-10.154678082
-0.0177408807848
-10.0216849007
-0.0146949046108
-9.88895847152
-0.0119374549546
-9.75648008143
-0.00946853181621
-9.62427394184
-0.00728813519567
-9.49240851471
-0.00539626509294
-9.36096106902
-0.00379292150802
-9.22996857965
-0.00247810444094
-9.09940628167
-0.00145181389166
-8.96907203094
-0.000714049860207
-8.83863179872
-0.000264571681882
-8.70789112545
-5.80233331675e-05
-8.57666295456
-1.62511366852e-06
-8.4448143368
-5.68434188608e-14
-8.31231728366
-5.68434188608e-14
-8.17939351241
-5.68434188608e-14
-8.0464170645
-5.68434188608e-14
-7.91359898063
-5.68434188608e-14
-7.78101162301
-5.68434188608e-14
-7.64868809109
-5.68434188608e-14
-7.51663750979
-5.68434188608e-14
-7.38484750045
-5.68434188608e-14
-7.25329805416
-5.68434188608e-14
-7.12196656039
-5.68434188608e-14
-6.99082342238
-5.68434188608e-14
-6.85983596776
-5.68434188608e-14
-6.72897585323
-5.68434188608e-14
-6.59822414188
-5.68434188608e-14
-6.46756712241
-5.68434188608e-14
-6.33698186261
-5.68434188608e-14
-6.20642956077
-5.68434188608e-14
-6.07586435882
-5.68434188608e-14
-5.94525278011
-5.68434188608e-14
-5.81460024131
-5.68434188608e-14
-5.68406690737
-5.68434188608e-14
-5.55392064398
-5.68434188608e-14
-5.42424410166
-5.68434188608e-14
-5.29508961936
-5.68434188608e-14
-5.16648656902
-5.68434188608e-14
-5.03845607292
-5.68434188608e-14
-4.91090001078
-5.68434188608e-14
-4.7836342852
-5.68434188608e-14
-4.65664550865
-5.68434188608e-14
-4.53003236774
-5.68434188608e-14
-4.40391494853
-5.68434188608e-14
-4.27842852975
-5.68434188608e-14
-4.15371737614
-5.68434188608e-14
-4.02992853173
-5.68434188608e-14
-3.90720599504
-5.68434188608e-14
-3.78569163404
-5.68434188608e-14
-3.66551684564
-5.68434188608e-14
-3.54678110653
-5.68434188608e-14
-3.42953788259
-5.68434188608e-14
-3.31380774279
-5.68434188608e-14
-3.19959952104
-5.68434188608e-14
-3.08693147815
-5.68434188608e-14
-2.97585174991
-5.68434188608e-14
-2.86644822909
-5.68434188608e-14
-2.75894921828
-5.68434188608e-14
-2.65367562487
-5.68434188608e-14
-2.55074866562
-5.68434188608e-14
-2.4502453907
-5.68434188608e-14
-2.35220664884
-5.68434188608e-14
-2.25664090334
-5.68434188608e-14
-2.1635165264
-5.68434188608e-14
-2.07276817407
-5.68434188608e-14
-1.98433182077
-5.68434188608e-14
-1.89816554846
-5.68434188608e-14
-1.8142462833
-5.68434188608e-14
-1.73255745824
-5.68434188608e-14
-1.65308939441
-5.68434188608e-14
-1.5758396827
-5.68434188608e-14
-1.50081394716
-5.68434188608e-14
-1.42803334811
-5.68434188608e-14
-1.35753378988
-5.68434188608e-14
-1.28936213891
-5.68434188608e-14
-1.22358109665
-5.68434188608e-14
-1.16026038633
-5.68434188608e-14
-1.09946367964
-5.68434188608e-14
-1.04123552334
-5.68434188608e-14
-0.985592212656
-5.68434188608e-14
-0.932527205054
-5.68434188608e-14
-0.88200442729
-5.68434188608e-14
-0.833851925429
-5.68434188608e-14
-0.787803907703
-5.68434188608e-14
-0.743787277876
-5.68434188608e-14
-0.701760349027
-5.68434188608e-14
-0.661699116317
-5.68434188608e-14
-0.623587678824
-5.68434188608e-14
-0.587408661374
-5.68434188608e-14
-0.553133636381
-5.68434188608e-14
-0.520714001569
-5.68434188608e-14
-0.489914033102
-5.68434188608e-14
-0.460676847687
-5.68434188608e-14
-0.432943310209
-5.68434188608e-14
-0.406651970139
-5.68434188608e-14
-0.381738997943
-5.68434188608e-14
-0.35813773953
-5.68434188608e-14
-0.335771531043
-7.1054273576e-14
-0.31455480903
-7.1054273576e-14
-0.294398170209
-8.52651282912e-14
-0.275213431227
-8.52651282912e-14
-0.256918688418
-9.94759830064e-14
-0.239443377567
-8.52651282912e-14
-0.222733333667
-9.94759830064e-14
-0.206751903914
-8.52651282912e-14
-0.191466520386
-9.94759830064e-14
-0.176847379346
-7.1054273576e-14
-0.162867815846
-5.68434188608e-14
-0.149504678322
-2.84217094304e-14
-0.136738703185
-1.42108547152e-14
-0.124554889424
-1.42108547152e-14
-0.112942873199
0
-0.101897302436
0
-0.091418211423
-1.42108547152e-14
-0.0815113954108
-1.42108547152e-14
-0.0690922955077
0
-0.0576356555734
0
-0.0471596367236
0
-0.0376824000742
0
-0.0292221067412
0
-0.0217969178404
0
-0.0154249944876
0
-0.0101244977988
0
-0.00591358888977
0
-0.00281042887637
0
-0.000833178874501
0
0
0
