7
96
-0.0498544
-0.998238
-1.16928
1.84461
0.690675
1.027
-0.579845
-0.0444854
-0.99517
-1.1547
1.85151
0.688757
1.00016
-0.580228
-0.0383495
-0.987117
-1.14128
1.85842
0.689141
0.935345
-0.578311
-0.0310631
-0.976762
-1.13016
1.86839
0.689908
0.866316
-0.579078
-0.0283786
-0.969859
-1.12441
1.87337
0.689524
0.826816
-0.578694
-0.0268447
-0.96449
-1.11866
1.87683
0.689908
0.801121
-0.579845
-0.0233932
-0.949534
-1.1083
1.8868
0.693359
0.738612
-0.577927
-0.0203252
-0.939947
-1.10178
1.89217
0.697961
0.701029
-0.578311
-0.0195583
-0.93266
-1.09756
1.89638
0.701796
0.676869
-0.576777
-0.0153398
-0.917321
-1.08836
1.90329
0.704481
0.626248
-0.571408
-0.0141893
-0.900447
-1.07916
1.91019
0.704864
0.57601
-0.564888
-0.0126553
-0.892777
-1.07532
1.91249
0.704481
0.550699
-0.559903
-0.00843689
-0.87552
-1.06842
1.91556
0.704481
0.499694
-0.550316
-0.00690291
-0.858262
-1.0642
1.91748
0.706015
0.452141
-0.537277
-0.00575243
-0.849058
-1.06151
1.91671
0.705631
0.429131
-0.531524
-0.00383495
-0.740146
-1.05883
1.89562
0.705248
-0.00345146
-0.48934
-0.00498544
-0.737845
-1.05883
1.8983
0.706015
-0.0636602
-0.488573
-0.00460194
-0.738995
-1.05921
1.90022
0.705248
-0.0901214
-0.488573
-0.00460194
-0.740529
-1.0596
1.9029
0.706015
-0.116583
-0.487806
-0.00421845
-0.753568
-1.06573
1.89907
0.706015
-0.167971
-0.48282
0.0103544
-0.806874
-1.09066
1.92208
0.701796
-0.273049
-0.510049
0.0153398
-0.818762
-1.09795
1.92898
0.696811
-0.296058
-0.52884
0.0226262
-0.83602
-1.10868
1.93435
0.695277
-0.329806
-0.551466
0.0314466
-0.857112
-1.13054
1.92093
0.706015
-0.370073
-0.550316
0.0322136
-0.864782
-1.13936
1.91134
0.706782
-0.389248
-0.549549
0.0360485
-0.87552
-1.14703
1.89293
0.706398
-0.414558
-0.550316
0.0356651
-0.89316
-1.15739
1.85765
0.706398
-0.426447
-0.55185
0.0391165
-0.905816
-1.16544
1.83387
0.699495
-0.437185
-0.555301
0.0348981
-0.9085
-1.17234
1.84576
0.698728
-0.416476
-0.552617
0.040267
-0.895461
-1.15892
1.85612
0.700262
-0.411874
-0.556068
0.0283786
-0.895078
-1.15317
1.85497
0.712151
-0.389631
-0.554918
0.0199418
-0.896228
-1.15624
1.85458
0.712534
-0.345529
-0.556452
0.00882039
-0.896228
-1.15547
1.85957
0.712534
-0.322136
-0.569874
-0.0076699
-0.894694
-1.15662
1.8634
0.713301
-0.341311
-0.570641
-0.0145728
-0.895461
-1.15624
1.86532
0.712918
-0.367772
-0.571024
-0.0226262
-0.895845
-1.15701
1.86839
0.713685
-0.407272
-0.571024
-0.0256942
-0.896228
-1.15662
1.86839
0.712918
-0.431049
-0.571408
-0.0398835
-0.897379
-1.15701
1.87683
0.720587
-0.535359
-0.570641
-0.0437185
-0.898146
-1.15739
1.87951
0.725189
-0.559903
-0.570641
-0.0563738
-0.901981
-1.15739
1.89178
0.750884
-0.636986
-0.571024
-0.0621262
-0.914636
-1.16046
1.91556
0.780029
-0.678786
-0.572175
-0.0605922
-0.93151
-1.17618
1.9424
0.78885
-0.683388
-0.572942
-0.0510049
-0.952219
-1.19957
1.96695
0.770825
-0.691442
-0.573325
-0.040267
-0.967558
-1.21875
1.98267
0.748966
-0.701029
-0.572558
-0.0322136
-0.980597
-1.23485
1.99226
0.727874
-0.710233
-0.572558
-0.0233932
-0.992869
-1.25288
2.00108
0.702947
-0.717136
-0.572942
-0.0141893
-1.00016
-1.26438
2.00683
0.683772
-0.71982
-0.572942
0.00575243
-1.0178
-1.2943
2.01603
0.645422
-0.721354
-0.573325
0.0222427
-1.02968
-1.31654
2.0191
0.626248
-0.720971
-0.572942
0.037199
-1.03966
-1.33571
2.02255
0.614359
-0.719437
-0.572942
0.0513884
-1.04886
-1.35259
2.02601
0.60899
-0.720204
-0.573325
0.0743981
-1.0619
-1.38058
2.03137
0.602087
-0.722505
-0.573325
0.0912719
-1.06957
-1.39937
2.03483
0.593651
-0.725956
-0.573325
0.115816
-1.07685
-1.4289
2.03598
0.583296
-0.735927
-0.573709
0.132306
-1.07992
-1.44846
2.03559
0.576777
-0.743597
-0.574092
0.155316
-1.08184
-1.47837
2.03483
0.56834
-0.75702
-0.575243
0.170272
-1.08107
-1.4987
2.03406
0.561053
-0.764689
-0.577927
0.192515
-1.08184
-1.52554
2.03444
0.552233
-0.770825
-0.580612
0.230864
-1.08261
-1.57233
2.02792
0.544563
-0.767374
-0.580612
0.263461
-1.07954
-1.62065
2.01527
0.528073
-0.762388
-0.580995
0.290306
-1.07494
-1.66897
1.98229
0.494709
-0.71982
-0.581379
0.311782
-1.07072
-1.71384
1.92821
0.431432
-0.640437
-0.580995
0.322903
-1.06803
-1.73992
1.88181
0.376976
-0.572558
-0.581379
0.330573
-1.06535
-1.75526
1.84615
0.32367
-0.523471
-0.581379
0.350515
-1.06151
-1.7798
1.78364
0.205553
-0.447539
-0.580995
0.367388
-1.06075
-1.79821
1.72995
0.116583
-0.405738
-0.579845
0.398068
-1.06113
-1.82966
1.62334
-0.00345146
-0.351665
-0.568723
0.421845
-1.06151
-1.85535
1.53782
-0.0579078
-0.32367
-0.550316
0.448689
-1.06113
-1.88334
1.4523
-0.0916554
-0.316
-0.525005
0.463646
-1.06113
-1.89907
1.4128
-0.100859
-0.318685
-0.512733
0.535359
-1.05461
-1.96119
1.26285
-0.144961
-0.332107
-0.503146
0.553767
-1.05308
-1.97117
1.22297
-0.161451
-0.33134
-0.508898
0.633918
-1.04157
-1.98919
1.06267
-0.291073
-0.314466
-0.573709
0.655777
-1.03735
-1.98497
1.02355
-0.34016
-0.309097
-0.588282
0.745898
-1.01319
-1.93205
0.877821
-0.593267
-0.267296
-0.685306
0.765073
-1.00591
-1.9052
0.842922
-0.664981
-0.252723
-0.702947
0.815311
-0.967175
-1.75372
0.699112
-0.950685
-0.193282
-0.723655
0.82068
-0.952602
-1.71077
0.664214
-1.01933
-0.171806
-0.719053
0.819529
-0.904282
-1.61183
0.57601
-1.17465
-0.139209
-0.690675
0.813777
-0.871685
-1.55047
0.52232
-1.25326
-0.117733
-0.659612
0.806874
-0.846757
-1.51135
0.487422
-1.29851
-0.106228
-0.634685
0.78233
-0.782714
-1.41663
0.391932
-1.38864
-0.081301
-0.562587
0.762772
-0.741296
-1.36409
0.334791
-1.43159
-0.0690291
-0.534976
0.750884
-0.711767
-1.33073
0.296825
-1.4569
-0.0605922
-0.511199
0.721738
-0.651558
-1.26822
0.218209
-1.49717
-0.0467864
-0.460578
0.714835
-0.635452
-1.25518
0.199034
-1.5056
-0.0441019
-0.452908
0.692592
-0.589816
-1.213
0.139209
-1.52324
-0.0352816
-0.433733
0.677636
-0.559136
-1.18922
0.100859
-1.53321
-0.0299126
-0.432199
0.64849
-0.49816
-1.14895
0.0230097
-1.54203
-0.0195583
-0.422995
0.621646
-0.437185
-1.11712
-0.0510049
-1.54625
-0.00651942
-0.429131
0.627398
-0.383879
-1.1083
-0.0521553
-1.54625
0.00306796
-0.427214
0.628165
-0.358952
-1.11252
-0.0544563
-1.55277
0.00421845
-0.428748
0.635068
-0.332874
-1.11099
-0.0533058
-1.55239
-0.00728641
-0.432199
0.63852
-0.309864
-1.11175
-0.0517719
-1.55277
-0.0172573
-0.431816
0.638136
-0.333257
-1.1129
-0.0510049
-1.55277
-0.0172573
-0.431049
0.632384
-0.353966
-1.11329
-0.0510049
-1.55354
-0.0111214
-0.430282
