7
85
-0.0878204
-1.01204
-1.14397
1.94739
0.663447
1.01933
-0.494709
-0.0851359
-1.01243
-1.14512
1.95774
0.638136
1.00207
-0.494709
-0.0809175
-1.00974
-1.14512
1.9658
0.619728
0.979447
-0.496243
-0.0770825
-1.00783
-1.14473
1.97423
0.601704
0.952219
-0.495859
-0.0743981
-1.00591
-1.14588
1.98229
0.591733
0.928442
-0.495092
-0.0678786
-1.00476
-1.14512
1.99571
0.568723
0.88549
-0.496243
-0.0655777
-1.00322
-1.14435
2.00721
0.559519
0.856345
-0.495859
-0.0598253
-1.00207
-1.14512
2.02601
0.558369
0.80649
-0.495859
-0.0575243
-1.00169
-1.14435
2.04134
0.559519
0.771976
-0.495859
-0.0529223
-1.00131
-1.14358
2.0632
0.564505
0.722888
-0.499311
-0.0494709
-1.00092
-1.14358
2.07816
0.571791
0.694126
-0.508131
-0.0460194
-0.998621
-1.1409
2.09542
0.583296
0.65501
-0.52999
-0.0437185
-0.997855
-1.13898
2.10769
0.592884
0.633151
-0.548782
-0.0421845
-0.996321
-1.13284
2.12111
0.610524
0.604005
-0.578694
-0.0406505
-0.99402
-1.12748
2.12993
0.623947
0.587515
-0.597102
-0.0406505
-0.991335
-1.11712
2.14182
0.650024
0.564121
-0.617044
-0.040267
-0.989418
-1.1106
2.15026
0.67035
0.548782
-0.623947
-0.0406505
-0.985583
-1.0991
2.16253
0.704481
0.52117
-0.624714
-0.040267
-0.982898
-1.09143
2.1702
0.726723
0.502762
-0.62433
-0.0352816
-0.974461
-1.07954
2.17442
0.724039
0.483971
-0.623563
-0.0391165
-0.969476
-1.07072
2.17902
0.730175
0.451374
-0.624714
-0.0398835
-0.964874
-1.06343
2.18362
0.737078
0.424146
-0.62433
-0.043335
-0.95452
-1.05154
2.19168
0.754719
0.383112
-0.62433
-0.0460194
-0.946083
-1.04234
2.19513
0.769291
0.362019
-0.624714
-0.0510049
-0.933427
-1.0293
2.19589
0.793452
0.342845
-0.625481
-0.0544563
-0.924607
-1.02125
2.19513
0.811476
0.335558
-0.625481
-0.0594418
-0.910418
-1.00629
2.19359
0.83717
0.329422
-0.625481
-0.0621262
-0.902748
-0.997088
2.19129
0.856345
0.32482
-0.625097
-0.0663447
-0.889709
-0.983282
2.18554
0.886641
0.315617
-0.625864
-0.0709466
-0.875903
-0.97101
2.1817
0.918471
0.304112
-0.628549
-0.0724806
-0.868617
-0.96334
2.17902
0.938796
0.300277
-0.632
-0.0763155
-0.857495
-0.95452
2.17634
0.965257
0.296825
-0.644272
-0.079
-0.848675
-0.946083
2.17173
0.986733
0.293374
-0.657694
-0.080534
-0.839854
-0.939947
2.16867
1.00552
0.289155
-0.672651
-0.083602
-0.831418
-0.930743
2.16176
1.0224
0.277267
-0.684155
-0.0870534
-0.82068
-0.921922
2.15563
1.0385
0.263078
-0.691058
-0.0905049
-0.808408
-0.911952
2.14757
1.05231
0.250806
-0.691058
-0.0947233
-0.795369
-0.90083
2.13645
1.0642
0.245053
-0.691442
-0.0997088
-0.781947
-0.891626
2.12456
1.0734
0.244286
-0.690675
-0.105078
-0.769675
-0.881272
2.11229
1.08146
0.246587
-0.691825
-0.114665
-0.74935
-0.864782
2.09312
1.09526
0.24582
-0.691058
-0.121951
-0.73516
-0.855194
2.07969
1.106
0.247738
-0.690291
-0.130772
-0.715219
-0.840238
2.05899
1.12479
0.248888
-0.689141
-0.136524
-0.702563
-0.831801
2.04556
1.13898
0.249272
-0.690291
-0.143427
-0.684155
-0.821063
2.02562
1.16007
0.250422
-0.691442
-0.148413
-0.674185
-0.816461
2.00951
1.17158
0.250039
-0.691058
-0.154165
-0.658461
-0.811859
1.98075
1.185
0.256558
-0.691058
-0.158384
-0.649257
-0.811092
1.95698
1.18922
0.272282
-0.691442
-0.163752
-0.640053
-0.811859
1.93397
1.1896
0.294908
-0.691442
-0.171422
-0.633918
-0.811859
1.91172
1.18922
0.319068
-0.690675
-0.180626
-0.628165
-0.810709
1.89101
1.1896
0.345529
-0.691442
-0.190214
-0.624714
-0.811092
1.87261
1.18884
0.368155
-0.692209
-0.201335
-0.622029
-0.811859
1.85765
1.18807
0.388864
-0.692592
-0.211689
-0.617811
-0.810709
1.84346
1.18845
0.405354
-0.692592
-0.235466
-0.608223
-0.809942
1.82045
1.18538
0.414942
-0.712918
-0.24467
-0.602471
-0.808791
1.81201
1.18423
0.414558
-0.730558
-0.254641
-0.595952
-0.808791
1.80281
1.185
0.415709
-0.753568
-0.26768
-0.586364
-0.808024
1.78862
1.18577
0.417626
-0.791151
-0.276117
-0.578311
-0.80649
1.77903
1.18692
0.419544
-0.813777
-0.284937
-0.567189
-0.806107
1.76216
1.18845
0.432583
-0.834102
-0.296442
-0.556452
-0.806107
1.74337
1.18845
0.452908
-0.83717
-0.303345
-0.549549
-0.805723
1.72956
1.18884
0.468248
-0.836787
-0.309864
-0.542646
-0.804956
1.71461
1.18807
0.483971
-0.837554
-0.328272
-0.526922
-0.80534
1.68009
1.18884
0.516185
-0.836787
-0.342845
-0.513117
-0.804573
1.65095
1.18884
0.546481
-0.836787
-0.355884
-0.501612
-0.804956
1.62525
1.18845
0.574859
-0.83717
-0.367772
-0.488573
-0.803806
1.59956
1.1873
0.593267
-0.83717
-0.374675
-0.478986
-0.804189
1.58268
1.18653
0.606306
-0.837554
-0.382728
-0.469782
-0.803039
1.56504
1.18615
0.618961
-0.837937
-0.391932
-0.457893
-0.802272
1.54165
1.18462
0.641204
-0.837937
-0.401136
-0.447539
-0.801505
1.52401
1.18423
0.659612
-0.83717
-0.408806
-0.437568
-0.801505
1.50599
1.18001
0.674952
-0.837554
-0.420694
-0.427214
-0.801888
1.48298
1.17503
0.691825
-0.83717
-0.429131
-0.420311
-0.801505
1.46572
1.17503
0.707549
-0.838321
-0.444087
-0.408806
-0.801888
1.43734
1.17273
0.744364
-0.837554
-0.460578
-0.396534
-0.801505
1.40628
1.15969
0.779262
-0.838321
-0.474384
-0.381194
-0.801505
1.37176
1.13093
0.802272
-0.838321
-0.480136
-0.371607
-0.800354
1.35067
1.11329
0.811476
-0.837937
-0.487422
-0.357034
-0.795369
1.32498
1.09296
0.815311
-0.837554
-0.493558
-0.340544
-0.788083
1.30043
1.09028
0.816078
-0.836787
-0.498544
-0.325204
-0.783864
1.28126
1.08989
0.816845
-0.836787
-0.501995
-0.322519
-0.783481
1.26362
1.08721
0.831034
-0.83602
-0.502379
-0.319068
-0.783481
1.24943
1.07532
0.845223
-0.83602
-0.502379
-0.315233
-0.78118
1.24291
1.06995
0.851743
-0.815311
-0.502379
-0.311015
-0.781563
1.24214
1.07034
0.858646
-0.792685
