7
68
-0.535743
-0.255024
-0.772743
1.13284
1.01013
0.978296
-0.547631
-0.519636
-0.265762
-0.774277
1.13361
0.998621
0.977529
-0.548015
-0.516952
-0.286471
-0.773893
1.13438
0.977913
0.994403
-0.548015
-0.5135
-0.304879
-0.773893
1.13975
0.949151
1.00246
-0.548015
-0.510816
-0.321752
-0.774277
1.14167
0.913869
1.00974
-0.547248
-0.509282
-0.337859
-0.773893
1.14588
0.898913
1.0178
-0.547631
-0.506214
-0.362786
-0.774277
1.1524
0.888558
1.02662
-0.547631
-0.500845
-0.382728
-0.775044
1.15854
0.880505
1.03352
-0.547631
-0.496243
-0.405738
-0.77466
1.16698
0.869384
1.04272
-0.547631
-0.485505
-0.430665
-0.775427
1.17771
0.848675
1.05269
-0.548015
-0.478986
-0.446388
-0.775427
1.18653
0.833335
1.05423
-0.548398
-0.470932
-0.463646
-0.776194
1.19651
0.821447
1.05615
-0.547248
-0.461345
-0.486655
-0.776961
1.213
0.812243
1.05538
-0.547631
-0.453675
-0.505063
-0.776578
1.22642
0.809558
1.05615
-0.547631
-0.446388
-0.521937
-0.776578
1.23946
0.806874
1.05538
-0.546864
-0.432966
-0.548015
-0.777728
1.25671
0.795369
1.05538
-0.547631
-0.418393
-0.570257
-0.780413
1.26822
0.77466
1.05691
-0.546864
-0.401136
-0.589432
-0.789617
1.27934
0.760854
1.0573
-0.546481
-0.380044
-0.605155
-0.804956
1.29046
0.760087
1.07034
-0.547248
-0.358185
-0.616277
-0.823364
1.30082
0.759704
1.09066
-0.547248
-0.334408
-0.625097
-0.84599
1.30849
0.75932
1.11099
-0.546097
-0.310248
-0.633918
-0.86785
1.3127
0.75932
1.13169
-0.540345
-0.28532
-0.642354
-0.888175
1.31692
0.758553
1.15202
-0.524238
-0.26768
-0.650408
-0.900447
1.32076
0.757787
1.16889
-0.5135
-0.25234
-0.657311
-0.908117
1.32421
0.75817
1.17886
-0.501995
-0.233549
-0.668816
-0.911568
1.32804
0.757787
1.18155
-0.486655
-0.217442
-0.677253
-0.913486
1.32919
0.75817
1.18193
-0.460961
-0.200951
-0.683772
-0.913102
1.32881
0.756636
1.18193
-0.429515
-0.187146
-0.688374
-0.912719
1.32958
0.757403
1.18232
-0.399985
-0.173723
-0.69451
-0.913102
1.32843
0.75702
1.18347
-0.376209
-0.158767
-0.702563
-0.913102
1.32843
0.756636
1.19075
-0.359718
-0.145728
-0.712534
-0.913102
1.32689
0.756253
1.20609
-0.351282
-0.132689
-0.722505
-0.913869
1.32191
0.755486
1.21951
-0.345913
-0.118884
-0.731709
-0.914636
1.31462
0.754719
1.23447
-0.340544
-0.101626
-0.735544
-0.914636
1.30082
0.755102
1.25441
-0.305646
-0.0878204
-0.73401
-0.913869
1.29008
0.755102
1.26208
-0.280718
-0.0740146
-0.733243
-0.914253
1.28164
0.754335
1.26323
-0.260393
-0.0598253
-0.732859
-0.913486
1.27512
0.755102
1.26362
-0.238151
-0.0456359
-0.733243
-0.914636
1.27205
0.755486
1.26285
-0.20632
-0.0322136
-0.731325
-0.913486
1.26784
0.755869
1.26285
-0.177942
-0.0210922
-0.730175
-0.913869
1.25786
0.755486
1.26323
-0.159917
-0.0145728
-0.729791
-0.913486
1.24521
0.755869
1.264
-0.13384
-0.0076699
-0.728641
-0.913869
1.23677
0.755486
1.264
-0.10968
0.00383495
-0.719437
-0.913869
1.21184
0.755869
1.264
-0.0548398
0.00728641
-0.711384
-0.914253
1.19766
0.756253
1.26438
-0.0329806
0.0103544
-0.691058
-0.913869
1.16506
0.755102
1.26477
0.00690291
0.00958738
-0.681087
-0.913869
1.15087
0.755486
1.26592
0.0253107
0.00958738
-0.666131
-0.913102
1.12863
0.756253
1.26668
0.0513884
0.00958738
-0.65616
-0.913869
1.11214
0.755869
1.26668
0.0671117
0.00958738
-0.641587
-0.913486
1.08989
0.755869
1.2663
0.082835
0.00843689
-0.617811
-0.913486
1.05346
0.755869
1.26707
0.105845
0.00843689
-0.604772
-0.913486
1.03199
0.755486
1.2686
0.122335
0.0080534
-0.590199
-0.913102
1.00591
0.756253
1.2686
0.13499
0.00651942
-0.578694
-0.913869
0.986733
0.756253
1.27781
0.138058
0.00460194
-0.568723
-0.913102
0.966791
0.756253
1.29315
0.138825
-0.00345146
-0.552233
-0.913869
0.933044
0.755486
1.32536
0.140359
-0.0118884
-0.540345
-0.913486
0.907733
0.758553
1.34799
0.139592
-0.0180243
-0.532675
-0.913486
0.890476
0.764306
1.35834
0.139592
-0.0291456
-0.518869
-0.910034
0.863631
0.769291
1.36179
0.139976
-0.0421845
-0.505063
-0.901597
0.840621
0.770058
1.36256
0.140359
-0.0556068
-0.490874
-0.887024
0.819529
0.770442
1.36217
0.143427
-0.0682621
-0.476301
-0.873986
0.79652
0.770058
1.36256
0.16682
-0.075932
-0.469398
-0.867083
0.782714
0.769675
1.36256
0.185228
-0.0847524
-0.460961
-0.858262
0.766223
0.770058
1.36294
0.201335
-0.0924223
-0.450607
-0.85366
0.745515
0.770058
1.36409
0.20517
-0.0977913
-0.428364
-0.852126
0.738228
0.770442
1.36333
0.20517
-0.106612
-0.41149
-0.839087
0.737461
0.769675
1.36294
0.20632
-0.113131
-0.397685
-0.825665
0.729408
0.763155
1.36141
0.199034
