7
35
-0.0832185
-1.00399
-1.17541
1.94202
0.668049
1.02662
-0.498927
-0.0816845
-1.00284
-1.17273
1.94164
0.681854
1.00821
-0.500078
-0.0786165
-0.992869
-1.15547
1.93742
0.682238
0.992102
-0.510432
-0.0728641
-0.981748
-1.1386
1.93742
0.682238
0.968709
-0.519252
-0.0682621
-0.97101
-1.12326
1.93742
0.681471
0.950685
-0.520019
-0.0632767
-0.945316
-1.09258
1.9355
0.682238
0.920388
-0.520403
-0.0625097
-0.912719
-1.06075
1.92936
0.681854
0.883189
-0.520019
-0.0636602
-0.871301
-1.03045
1.91748
0.682238
0.85251
-0.519636
-0.0640437
-0.852893
-1.02163
1.91019
0.681854
0.846374
-0.520019
-0.0648107
-0.825282
-1.00667
1.89638
0.683005
0.845223
-0.52117
-0.0644272
-0.804573
-0.999772
1.88488
0.683772
0.845223
-0.520019
-0.0644272
-0.775044
-0.989034
1.86762
0.684155
0.846374
-0.520403
-0.0659612
-0.754719
-0.983665
1.8542
0.685689
0.847141
-0.520019
-0.0678786
-0.725573
-0.977913
1.83387
0.690291
0.848675
-0.520403
-0.0697961
-0.706398
-0.972927
1.82084
0.70333
0.850976
-0.520019
-0.082068
-0.66383
-0.960655
1.79898
0.779262
0.864398
-0.520786
-0.0855194
-0.656927
-0.959121
1.79437
0.799587
0.869384
-0.520786
-0.10316
-0.626631
-0.948
1.78095
0.883189
0.886641
-0.540345
-0.108913
-0.619345
-0.945316
1.77788
0.902748
0.890092
-0.548398
-0.132689
-0.594034
-0.931893
1.76216
0.961422
0.902748
-0.586364
-0.165286
-0.567956
-0.910418
1.74414
0.990952
0.906199
-0.661146
-0.197884
-0.550316
-0.88549
1.7334
1.00399
0.906583
-0.692592
-0.227413
-0.540728
-0.856345
1.72381
1.00476
0.901214
-0.692976
-0.243903
-0.539578
-0.839087
1.72036
1.00437
0.891243
-0.693743
-0.259626
-0.536893
-0.822597
1.71422
1.00399
0.881655
-0.693743
-0.277651
-0.534209
-0.800738
1.70962
1.00437
0.864398
-0.694893
-0.287238
-0.532291
-0.783864
1.70579
1.00437
0.846374
-0.694126
-0.295675
-0.525388
-0.761238
1.70118
1.00437
0.805723
-0.693743
-0.297592
-0.513117
-0.748583
1.69773
1.00437
0.776578
-0.694126
-0.296825
-0.488189
-0.74168
1.69083
1.00552
0.766223
-0.69451
-0.297592
-0.468248
-0.739762
1.68163
1.02163
0.76584
-0.69451
-0.297592
-0.455209
-0.739762
1.67664
1.03966
0.765073
-0.69451
-0.297592
-0.437185
-0.737078
1.66437
1.07302
0.766223
-0.695277
-0.296442
-0.424529
-0.737078
1.65517
1.09181
0.766607
-0.69566
-0.296442
-0.414942
-0.732092
1.66744
1.09718
0.750117
-0.694893
